# Bundle file v0.3
19 1811
6.0741002828e+02 -3.7426582070e-02 4.9078626442e-02
9.4258607441e-01 -1.6052320197e-01 2.9285456110e-01
1.7987515967e-01 9.8286739971e-01 -4.0206983565e-02
-2.8138304721e-01 9.0575803741e-02 9.5531126054e-01
1.2604287321e+00 -2.6398339633e-01 -1.1632844225e+00
6.1522455474e+02 -2.9979073820e-02 -2.2017390950e-01
8.9566542132e-01 -2.0561706127e-01 3.9434132064e-01
8.8989875350e-02 9.5163027742e-01 2.9407586978e-01
-4.3573415650e-01 -2.2830120284e-01 8.7064017001e-01
1.2404281114e+00 5.5495839661e-01 -2.7602305643e+00
6.1441391949e+02 -4.0470802194e-02 -8.0789470649e-03
9.3197446673e-01 2.9735903541e-01 -2.0736730077e-01
-3.3918295163e-01 9.1716176099e-01 -2.0921096888e-01
1.2797858685e-01 2.6531473430e-01 9.5563045842e-01
-7.7971723372e-01 -1.1477211976e+00 -8.7783067763e-01
6.0686512982e+02 -2.4840397163e-02 4.1780151221e-03
9.9825530421e-01 3.9632762108e-02 -4.3767474142e-02
-4.3034692463e-02 9.9588657629e-01 -7.9736706772e-02
4.0427254045e-02 8.1481110265e-02 9.9585464090e-01
5.2682591129e-02 -6.8245077896e-01 -8.9092645646e-01
6.1890720534e+02 -5.4488956389e-02 -1.2179048124e-01
4.9105574415e-01 -3.9679606323e-01 7.7551088989e-01
3.6671549101e-01 9.0167262619e-01 2.2914236587e-01
-7.9017972942e-01 1.7187018179e-01 5.8828278559e-01
3.3234192393e+00 5.1661685407e-01 -2.1691931516e+00
6.0584096053e+02 -9.1793712945e-02 9.4525760859e-02
8.0559330976e-01 -2.3146453314e-01 5.4538389156e-01
1.8231116940e-01 9.7270849891e-01 1.4352983545e-01
-5.6372161284e-01 -1.6197100149e-02 8.2580602878e-01
2.2414613348e+00 3.6343689389e-01 -2.9700042192e+00
0 0 0
0 0 0
0 0 0
0 0 0
0 0 0
5.9587798705e+02 -6.3730861505e-02 1.8008380820e-01
8.9537357726e-01 -2.0672375077e-01 3.9442546573e-01
1.3518988628e-01 9.7010300189e-01 2.0155361661e-01
-4.2429924794e-01 -1.2714344885e-01 8.9655155547e-01
1.2625764025e+00 1.4292018779e-02 -2.7659422316e+00
6.1963965504e+02 -9.0226691735e-02 6.4571266290e-02
8.4108808474e-01 -2.4961184615e-01 4.7985910429e-01
2.9132394986e-01 9.5653531801e-01 -1.3059159102e-02
-4.5574246011e-01 1.5077835275e-01 8.7724836756e-01
1.7652219086e+00 -4.3061987514e-01 -1.4407059564e+00
6.1046667761e+02 -5.1168564912e-02 4.6793604607e-02
9.8844468739e-01 -1.1273368966e-01 1.0133220213e-01
1.0407121149e-01 9.9075169473e-01 8.7064701991e-02
-1.1021017609e-01 -7.5512877104e-02 9.9103558083e-01
6.3615069575e-01 -8.3960949460e-02 -1.2122627957e+00
6.1244431559e+02 -7.5679102524e-03 -7.7359937319e-02
9.8281552070e-01 1.3579922962e-01 -1.2502888267e-01
-1.5675009343e-01 9.7168963228e-01 -1.7677292422e-01
9.7483642104e-02 1.9333346260e-01 9.7627819384e-01
-2.3929076087e-01 -6.8349709158e-01 -8.2047278826e-01
6.1339855998e+02 -5.4793051108e-02 -7.5037550164e-03
7.2336922226e-01 -3.3885092906e-01 6.0159539241e-01
3.7730564646e-01 9.2369136903e-01 6.6593572732e-02
-5.7825376561e-01 1.7881359753e-01 7.9602027606e-01
2.4606633049e+00 -5.9434217038e-01 -1.8556979139e+00
6.0937686958e+02 -6.3828154058e-02 5.6944785214e-03
7.2978056879e-01 -2.6559658757e-01 6.2998315381e-01
2.2706321496e-01 9.6331040553e-01 1.4309213472e-01
-6.4487411006e-01 3.8620140809e-02 7.6331243073e-01
2.7055812810e+00 4.9984373260e-01 -2.9122992417e+00
6.1236947089e+02 -5.4629622009e-02 1.4661975048e-02
6.2815732911e-01 -3.0043918283e-01 7.1774275845e-01
2.6616932380e-01 9.4976628185e-01 1.6461440074e-01
-7.3114448706e-01 8.7637362374e-02 6.7657034502e-01
3.0793843350e+00 3.1557323975e-01 -2.3573323538e+00
6.0815584841e+02 -3.1311888414e-02 -8.9420372071e-04
9.9988768380e-01 -6.2479723903e-03 -1.3622871203e-02
5.8665194500e-03 9.9959452738e-01 -2.7863323242e-02
1.3791436776e-02 2.7780274900e-02 9.9951891058e-01
-6.5971231611e-02 -1.6149555883e-01 -8.7924746107e-01
0 0 0
0 0 0
0 0 0
0 0 0
0 0 0
6.0914388855e+02 -5.0202768470e-02 5.2837936905e-02
9.5392258328e-01 -1.6618381136e-01 2.4982923359e-01
1.5635579419e-01 9.8594727957e-01 5.8828798412e-02
-2.5609484715e-01 -1.7055871122e-02 9.6650117771e-01
9.6851979967e-01 -1.5736800337e-03 -1.2228649561e+00
0 0 0
0 0 0
0 0 0
0 0 0
0 0 0
6.0772989717e+02 -3.5754394014e-02 -3.5556734679e-02
9.9693546670e-01 -6.2313773297e-02 4.7293433948e-02
6.1040308856e-02 9.9774498640e-01 2.7910980094e-02
-4.8926025097e-02 -2.4938640151e-02 9.9849101563e-01
1.9636100468e-01 -9.4682276671e-02 -1.0465768025e+00
2.6331480244e-01 6.7973718733e-01 -3.4297392803e+00
177 187 62
6 14 1664 34.2050 86.6390 16 1801 32.8260 67.2050 0 476 53.7630 80.7220 9 539 61.4170 41.5900 18 1691 34.3020 68.3540 8 1994 23.7600 46.7170
2.1829152166e-01 5.1922487938e-01 -3.5010761574e+00
89 79 10
6 14 1734 28.2530 63.7920 16 1858 27.6680 44.1750 0 547 48.3220 57.0980 3 2054 62.1220 14.2890 10 1853 71.6470 60.3560 1 1781 -5.6370 4.2960
8.6170731487e-01 1.9902850865e-01 -4.2497308400e+00
111 116 22
5 14 1843 101.2570 19.0470 16 682 76.5780 8.4810 0 645 88.5670 28.9790 9 723 113.7680 -18.4220 18 1833 95.8700 4.3670
-1.8814555259e-01 1.4113333264e-01 -4.2549314648e+00
134 128 16
13 14 608 -23.1990 10.9270 16 748 -34.2740 -16.8060 0 743 -21.8550 1.2730 3 851 6.6780 -23.5650 9 779 0.4580 -37.7370 10 582 15.3100 28.5230 18 712 -22.9700 -9.9680 2 755 -4.5250 -8.5760 8 908 -57.6400 -35.3920 11 1193 -34.1870 -97.4530 12 704 -14.8810 -1.1550 13 824 -16.5950 -35.4930 4 2039 -17.5000 -54.2770
6.0500807294e-01 1.2650467634e+00 -4.4411995059e+00
121 118 14
8 14 2490 67.6440 141.9323 16 2610 24.4080 114.7200 0 1663 36.2940 140.6803 3 3525 105.1670 105.6280 9 2652 68.0020 88.7510 10 3459 136.5090 155.6033 18 1583 55.9570 118.9850 8 1832 -19.9270 115.5660
3.3348187111e-01 5.9352889496e-01 -3.4896353108e+00
140 144 34
7 14 2614 43.1150 74.0810 16 2726 40.9180 56.1760 0 1854 60.9600 69.5530 3 2972 79.7420 24.4650 9 2755 70.6210 29.9830 10 2813 90.5150 68.6940 18 2545 43.4290 55.8790
9.2458411334e-01 3.0294700123e-01 -4.2714637825e+00
174 186 86
5 14 2690 108.2780 31.7120 16 1910 79.4870 20.2600 0 1919 92.3400 41.1310 9 1936 118.7220 -6.2850 18 1812 101.6120 16.4440
-2.1625599030e-01 1.7861817028e-01 -4.2853944823e+00
176 167 64
12 14 1851 -26.5800 15.6420 16 1988 -38.8120 -12.9540 0 2006 -26.7480 4.9830 9 766 -3.5690 -33.9500 18 1860 -26.6420 -5.7640 8 2162 -63.1640 -32.3790 1 725 -64.6650 -52.8920 5 712 -29.5290 -11.0070 11 2466 -40.1610 -95.2720 12 699 -20.2840 1.1260 13 1900 -22.3830 -33.3670 4 2036 -24.3550 -52.6610
-3.8138089028e-01 1.1407467240e-01 -4.2992422373e+00
127 142 5
10 14 1868 -45.7010 7.5640 16 2005 -56.0210 -22.9920 0 2030 -44.0840 -5.3530 3 2149 -15.7980 -24.5380 9 802 -21.2580 -43.5330 10 2885 -7.7380 29.6460 18 725 -44.8660 -14.2670 2 2868 -26.2170 -1.7460 7 825 -73.5030 -73.0890 8 3034 -80.0800 -45.0590
-5.1061878400e-01 7.3774648903e-02 -4.2420984701e+00
190 189 78
11 14 1877 -61.4200 3.1290 16 2022 -69.2550 -30.2740 0 2046 -57.0900 -13.6110 3 2163 -31.8320 -29.4390 9 2032 -34.9640 -49.2440 10 2893 -24.6410 26.6790 18 1885 -59.6450 -19.6410 2 1990 -43.7840 -2.4220 7 2093 -82.4830 -78.4070 8 3053 -90.3760 -56.8070 1 1943 -88.8580 -65.5360
-5.1040437895e-01 7.3544236202e-02 -4.2460019202e+00
190 189 78
7 14 1878 -61.4200 3.1290 16 2023 -69.2550 -30.2740 0 2047 -57.0900 -13.6110 9 2033 -34.9640 -49.2440 10 2894 -24.6410 26.6790 18 1886 -59.6450 -19.6410 8 3054 -90.3760 -56.8070
-4.7609087993e-01 -2.8923328916e-02 -4.1570819424e+00
148 170 24
11 14 678 -58.5090 -9.2970 16 813 -62.5540 -41.2400 0 2073 -49.7100 -25.7190 3 893 -28.4330 -43.8900 9 849 -27.9840 -60.3910 10 1973 -23.5800 11.7080 2 2031 -46.0470 -18.4870 8 2212 -80.7650 -68.7640 5 776 -39.6860 -34.0620 12 787 -26.0650 -23.7380 13 1985 -24.2350 -66.1990
-5.2976235119e-01 -3.4774085482e-02 -4.1721111751e+00
131 152 12
9 14 683 -64.5800 -10.2490 16 818 -68.1640 -42.9650 0 2077 -55.3750 -27.0850 3 2188 -35.3790 -43.5560 9 858 -35.4910 -62.1040 10 1970 -30.2550 12.2660 18 1909 -61.3860 -32.4880 8 2215 -85.7400 -71.5720 5 787 -44.9220 -35.7230
-4.3710256236e-01 -7.6218038706e-02 -4.0970800444e+00
142 167 17
15 14 703 -54.7390 -15.5170 16 2055 -54.8400 -45.9090 0 2094 -41.7120 -31.0890 3 2202 -25.5960 -50.2560 10 1986 -21.0690 4.0370 18 1915 -50.8600 -37.1470 2 801 -45.0240 -26.8060 7 869 -69.2050 -89.6350 8 2219 -69.4000 -72.9990 1 780 -75.8750 -76.6040 5 791 -32.4420 -37.5840 11 2551 -37.2280 -138.7040 12 2018 -18.5230 -27.0820 13 2897 -14.5360 -69.4990 4 2916 -5.4770 -94.9410
1.5871974956e-01 -1.9423162799e-01 -3.7441730270e+00
93 112 0
7 14 2788 18.7240 -32.8740 16 2064 27.0570 -48.2770 0 2104 43.1540 -35.3630 3 3133 48.9560 -76.2870 10 2058 48.6610 -31.9810 18 2764 24.1800 -48.4290 2 2982 11.7440 -81.9410
1.0007557901e-01 -5.7801323020e-01 -3.6506721854e+00
167 116 35
7 14 2065 12.4760 -85.3300 16 2157 31.1060 -98.4130 0 2207 48.7020 -84.8750 3 2366 38.8360 -128.7210 10 2164 31.2230 -84.9270 18 2046 20.6260 -99.5360 8 1164 31.0910 -116.7740
8.3583065549e-01 -9.6690882106e-01 -4.1976558008e+00
137 110 31
8 14 2918 99.0550 -120.5380 16 3041 97.6980 -118.7650 0 2235 107.6640 -98.2370 3 3246 122.0480 -159.0030 9 3059 128.6890 -149.0490 10 3136 118.7960 -123.2450 18 2886 102.8150 -129.7270 2 3089 70.9160 -174.8860
-4.7098731072e-01 -6.9546865656e-01 -4.2705382316e+00
160 123 32
9 14 2069 -55.6260 -87.1470 16 2196 -50.3160 -117.9280 0 2249 -37.8780 -100.8920 3 2345 -29.9240 -117.8320 9 2192 -21.0680 -136.0710 18 2058 -49.7900 -107.6930 7 1075 -65.8340 -148.9820 1 2098 -72.5770 -141.0640 5 970 -29.5980 -98.3650
7.9498412674e-01 -9.9513745979e-01 -4.1926632444e+00
140 116 38
8 14 2926 94.2880 -123.3330 16 2205 93.7550 -122.6530 0 2253 104.3460 -103.2130 3 3250 117.1540 -162.6430 9 3070 125.2100 -152.4880 10 3141 113.4210 -125.7890 18 3535 98.8150 -133.6540 7 1076 46.1180 -148.8840
-5.7753727332e-01 -8.4504771206e-01 -4.4192525645e+00
196 165 75
14 14 2097 -66.4370 -100.9240 16 1073 -61.5350 -134.6250 0 2289 -50.3360 -116.6430 3 1163 -40.5590 -129.2280 9 2232 -32.2210 -152.1950 10 2134 -42.7980 -72.2460 18 985 -60.1850 -123.2340 8 2377 -74.5410 -159.6580 1 1004 -83.8150 -158.7850 5 1009 -42.1940 -115.1320 11 2725 -38.5770 -220.8890 12 2194 -28.1550 -110.1430 13 3054 -24.7760 -167.2730 4 3659 -7.1830 -203.5210
-5.5559161883e-01 -8.8896693880e-01 -4.3861391899e+00
193 173 78
13 14 953 -64.0630 -107.2230 16 2240 -58.4850 -140.0370 0 2297 -46.6680 -121.8810 3 1180 -38.9340 -135.2750 9 2243 -28.8610 -157.5790 18 1000 -57.5200 -128.5660 8 2392 -69.6840 -164.5110 1 2146 -80.2470 -162.9410 5 1018 -37.5890 -118.5520 11 2733 -32.7490 -224.4460 12 2201 -23.4200 -113.5210 13 2193 -18.4300 -170.4410 4 3071 0.4610 -205.9490
9.0348443821e-01 1.1150455385e+00 -4.5717836939e+00
209 217 113
9 14 1569 99.7260 121.5450 16 2636 52.5050 100.3560 0 2732 63.6630 125.8130 3 2845 136.2860 85.6000 9 2680 97.1050 73.6810 10 2703 167.7430 130.3810 18 2474 86.9720 100.6740 8 2774 5.3770 104.7140 11 3075 -1.7520 50.4940
8.9107775970e-01 1.0652629071e+00 -4.5657887065e+00
112 120 9
10 14 2542 99.0970 116.5280 16 2652 51.9040 95.0290 0 2746 63.6910 120.4370 3 3560 134.9860 80.0710 9 2696 96.3470 68.7820 10 3503 165.4830 124.6840 18 2480 85.8530 95.6990 2 3434 165.8400 60.6230 8 2788 5.8960 99.0720 11 3090 -0.5880 44.6500
2.3168171498e-01 6.2556131759e-01 -3.3905699199e+00
131 140 21
9 14 3293 29.8710 80.0020 16 2717 31.7540 60.0070 0 2851 53.0130 72.9770 3 2961 65.7360 29.1320 9 2742 59.6290 34.7980 10 3585 76.1990 74.9820 18 3235 31.2220 61.1800 2 2851 50.8180 8.6400 8 2009 24.5420 39.1560
-2.5663322327e-01 4.9153083072e-01 -4.4088209683e+00
142 154 30
7 14 2649 -30.8370 52.3590 16 2806 -52.2820 20.7120 0 2921 -39.8750 40.2790 3 2985 1.3970 19.4050 9 1912 -13.6840 -0.9340 10 2802 15.6010 74.2430 18 2610 -33.1430 28.6480
-5.2389065140e-01 4.7743885662e-01 -4.6580540870e+00
200 216 92
9 14 1778 -58.0370 49.0170 16 2830 -84.1700 12.5440 0 2934 -75.8970 33.4530 3 2031 -26.7420 20.5310 9 1938 -42.4810 -7.0650 10 1809 -12.1580 78.4590 18 1791 -60.8200 23.6790 2 2791 -19.6170 51.1180 7 2949 -101.1780 -46.9440
-4.3917316153e-01 2.7649521936e-01 -4.4173059963e+00
114 120 3
11 14 2699 -51.1780 27.1260 16 2874 -67.9040 -6.5910 0 2971 -57.4330 12.0490 3 3016 -21.0140 -4.2270 9 2858 -30.2010 -26.3460 18 2657 -51.9840 3.5870 7 2054 -83.9920 -60.5350 1 1901 -89.9100 -48.9360 5 2897 -55.6380 -7.5900 12 2860 -48.2420 3.5650 4 3480 -60.3620 -57.7040
-4.1224040553e-01 2.4275343691e-01 -4.3683239373e+00
118 117 15
10 14 2707 -48.7060 23.1730 16 2881 -63.7200 -9.5560 0 2977 -52.5510 8.8880 3 3025 -18.0300 -8.6000 9 1988 -26.6070 -29.0360 10 2852 -7.9130 46.6290 18 2666 -49.2450 -0.4840 2 2839 -22.5100 15.5740 7 2061 -80.2810 -62.3780 1 1904 -85.5880 -50.6890
6.7666596482e-01 -5.7474964507e-02 -3.9596891993e+00
109 131 5
6 14 1916 83.7440 -13.1190 16 771 74.0850 -21.7680 0 2992 87.9960 -4.8260 3 3096 113.1010 -57.1360 9 814 106.8340 -48.5320 18 1897 82.9280 -26.4250
7.7425370891e-01 -9.4567448806e-02 -3.9759549569e+00
106 133 4
6 14 3459 95.9630 -17.9980 16 2915 84.6150 -23.5750 0 2995 97.4950 -6.1780 3 3786 124.7790 -62.2440 10 4272 131.5660 -25.6950 18 2726 95.8870 -30.2480
-4.6909598942e-01 3.0688623466e-03 -4.1784479779e+00
163 178 39
13 14 2753 -57.4050 -5.5340 16 2940 -62.0570 -37.4140 0 3029 -49.4110 -21.4520 3 3071 -27.6230 -39.4230 9 2046 -29.0890 -56.6720 18 2720 -54.4730 -27.7650 2 3545 -43.4630 -14.5400 7 2106 -75.8970 -83.5690 8 3060 -80.5430 -64.4680 5 2015 -41.1980 -31.0450 12 2005 -28.9210 -20.8840 13 2884 -27.3330 -62.3670 4 3521 -21.0990 -88.4820
7.1513702193e-01 -2.2110692957e-01 -3.8798182173e+00
106 124 4
4 14 3476 89.1170 -34.7500 16 2942 84.9240 -39.9570 0 3032 99.4650 -23.4060 3 3803 119.1900 -79.3040
3.2532045195e-01 -1.9340578265e-01 -3.7830033366e+00
107 117 7
9 14 3472 40.7860 -32.0190 16 2950 45.2770 -44.8410 0 3047 61.0060 -30.3370 3 3801 69.3830 -76.2790 10 3742 71.6220 -34.7740 18 2759 44.3790 -46.5200 7 856 9.7930 -85.2230 8 3056 34.0590 -59.0740 1 1955 7.3780 -70.9800
-3.6041462455e-01 -1.5888298149e-01 -4.0016617788e+00
152 170 32
14 14 3466 -45.4280 -25.6040 16 3551 -42.6740 -54.7960 0 3061 -28.6870 -40.1700 3 3109 -17.1520 -62.4410 9 2948 -12.9510 -74.9010 18 2761 -41.5800 -46.9670 7 3040 -58.2220 -95.7280 8 3756 -53.5250 -81.6210 1 2920 -63.9300 -82.2060 5 2960 -19.5490 -43.2820 11 4023 -19.4550 -143.4830 12 2934 -3.4650 -33.2530 13 3562 3.5960 -75.1310 4 4048 15.7520 -97.4620
6.1095779288e-02 -5.5966816292e-01 -3.6436075331e+00
172 122 37
11 14 3542 6.6540 -82.9530 16 3009 26.5500 -96.6640 0 3100 43.7960 -84.1450 3 3850 33.5310 -126.1910 9 3013 49.3870 -121.7820 10 3779 27.3440 -80.9270 18 2830 15.3090 -98.2380 7 2193 -0.5490 -123.2030 8 3123 27.0020 -117.1560 1 2033 -2.3300 -110.5910 5 890 43.9740 -69.8330
5.5247931430e-01 -7.1644544469e-01 -3.9430430880e+00
123 87 10
9 14 3572 68.4520 -96.1700 16 3592 74.1490 -100.2630 0 3101 87.1630 -83.8200 3 3861 93.3030 -138.0390 9 3607 102.5380 -128.0220 10 3804 90.0950 -99.2760 18 3481 73.6990 -107.4260 7 2204 31.9620 -129.1450 1 2979 32.1870 -121.1860
-4.7217393252e-01 -7.3732135241e-01 -4.2792704352e+00
192 159 66
8 14 2077 -55.8500 -91.2280 16 3047 -49.7140 -122.9010 0 3140 -37.3600 -105.6810 3 2351 -30.0150 -122.1360 10 2121 -31.5160 -67.1090 18 2072 -49.5600 -112.3780 8 3186 -60.7010 -147.4720 11 3469 -24.3970 -207.1450
4.7968702071e-01 -1.0091203710e+00 -4.0720373543e+00
129 96 21
8 14 4080 58.0750 -129.3700 16 3062 66.1260 -133.7550 0 3150 78.4330 -115.2110 3 3897 81.0740 -167.2620 9 3644 94.3980 -161.3390 10 3842 75.1990 -126.8540 18 3543 64.2920 -140.6640 7 2275 26.4560 -156.7230
1.4391281822e-01 -1.1478942511e+00 -4.0302747776e+00
164 117 35
5 14 4100 17.9910 -147.2650 16 3673 34.3570 -159.2430 0 3193 47.5800 -141.4680 3 3920 39.0080 -182.6270 9 3674 58.3830 -184.6200
-4.8413006696e-02 1.3621908764e+00 -4.2836063317e+00
215 224 105
11 14 3767 -8.0800 157.1325 16 3323 -42.3710 121.5510 0 3424 -30.5690 144.7797 3 4101 29.6770 122.7370 9 3330 0.1490 96.8990 10 4517 55.9140 182.1671 18 3717 -16.0210 129.5480 2 4496 62.7950 135.7160 8 3478 -82.7520 112.7870 5 2682 -41.5120 98.7860 12 2632 -38.5810 118.4610
4.2756371512e-01 2.6835055351e-01 -3.7742111581e+00
114 87 12
8 14 3905 53.8250 28.4150 16 3464 47.5930 13.1720 0 3606 64.5140 28.5820 3 4244 86.3230 -17.2630 9 3470 78.6490 -12.5310 10 4212 95.6100 24.6740 18 3860 53.3810 11.5700 7 2937 9.3510 -40.5010
-4.9663234866e-01 1.9747182004e-01 -4.4488193162e+00
145 157 32
14 14 2716 -57.2150 18.2910 16 3504 -73.5410 -16.3580 0 3641 -62.6290 2.3650 3 3037 -27.4380 -12.3170 9 2872 -35.6270 -35.5960 10 2855 -17.0040 44.5050 18 2674 -57.5130 -5.6000 2 2838 -31.3190 15.7910 8 3711 -101.8660 -39.7770 5 3609 -60.1770 -16.8770 11 4493 -77.3810 -108.1350 12 3608 -52.4010 -6.5480 13 4041 -59.2930 -44.7110 4 4015 -63.1620 -72.0160
-4.3646307689e-01 1.3412085969e-01 -4.3372289982e+00
146 157 26
14 14 3410 -51.8630 10.5650 16 2907 -63.3890 -21.9070 0 3647 -52.0110 -4.3640 3 4248 -22.3270 -21.5970 9 2881 -27.0900 -41.3690 10 4196 -13.3390 33.8470 18 2687 -51.1170 -12.1110 2 4149 -30.6790 3.3620 7 2077 -79.4050 -72.0890 8 4223 -87.8200 -45.9990 5 1984 -48.0970 -19.4860 11 4500 -61.9550 -112.3000 12 1976 -38.2740 -8.7390 4 4445 -45.0660 -74.0650
7.0438305404e-01 -1.0384411268e-01 -3.9142801635e+00
124 149 21
9 14 3946 87.6940 -18.8110 16 3522 79.8180 -26.5070 0 3654 94.9390 -10.2470 3 4297 117.1760 -63.9520 9 3534 111.6610 -53.8950 10 4273 123.6460 -26.8190 18 3907 87.2990 -31.7270 2 4700 88.9090 -88.8420 7 3002 34.5040 -71.8300
5.6701536447e-01 -1.0534152866e-01 -3.8731189438e+00
103 126 2
9 14 3462 70.4870 -20.2320 16 2927 66.5030 -29.3980 0 3659 82.8610 -13.1050 9 2906 97.1990 -56.0980 10 3722 105.7860 -25.6530 18 2732 71.7820 -34.1350 2 4237 70.2930 -84.1270 8 3023 49.4080 -37.8380 11 3948 66.8430 -84.4390
4.6530394822e-01 -2.3985777792e-01 -3.7940895751e+00
103 115 11
11 14 3486 59.1900 -38.5120 16 3539 60.9850 -48.3250 0 3676 77.1860 -31.6030 3 3806 86.6450 -83.6860 9 3557 90.1760 -73.6190 10 4291 89.4780 -43.2450 18 3400 62.0080 -52.1020 2 3676 49.0040 -100.3670 7 3019 21.4440 -86.9390 8 3055 48.8430 -57.4100 11 2487 69.9580 -102.1880
1.1679501104e-01 -1.7741870038e-01 -3.7355622933e+00
100 115 1
9 14 3471 13.5010 -30.6240 16 3541 21.9390 -47.8630 0 3679 38.6860 -33.3090 3 3796 42.8350 -74.8310 9 3553 48.6690 -70.7770 18 3392 18.8380 -46.8310 2 3646 7.0590 -78.3740 7 2115 -6.8850 -86.4820 1 2907 -9.5360 -71.7750
2.9790543640e-01 -2.3940063731e-01 -3.7585381456e+00
92 118 0
9 14 3966 37.5240 -38.8080 16 3542 42.9260 -50.1120 0 3685 59.6890 -37.0490 3 4324 66.6330 -82.8400 9 4022 71.7020 -76.3120 10 4288 67.0040 -40.5870 18 3404 40.8720 -53.2830 2 4248 27.7430 -92.9440 8 3733 34.5440 -65.9480
1.3517851373e-01 -3.2115188954e-01 -3.7152250507e+00
115 135 8
8 14 3980 15.8160 -49.7300 16 4008 27.6450 -64.3390 0 3701 45.2350 -51.4720 3 4349 44.3330 -93.8030 18 3951 22.6310 -65.5090 8 4270 22.0860 -83.8400 1 2931 -3.3560 -85.8590 5 3663 39.5080 -45.0520
-6.0539372766e-01 -3.5935592089e-01 -4.1196767845e+00
180 131 29
11 14 3498 -74.3280 -49.6540 16 4024 -69.9690 -83.6160 0 3716 -56.3080 -68.5240 3 3805 -46.1130 -82.4430 9 4044 -39.9920 -100.8530 18 3431 -68.5320 -71.7500 7 3653 -80.1980 -120.4130 8 4298 -80.5200 -114.2970 1 3670 -87.5110 -108.2540 11 4063 -42.1230 -179.4130 13 4122 -18.7810 -111.6670
3.9462981380e-01 -7.8526800199e-01 -3.9440581012e+00
119 91 12
8 14 3584 48.3190 -105.0790 16 3606 58.2660 -112.0090 0 3749 71.5740 -95.2670 3 3870 73.0330 -145.4420 9 3619 85.2360 -138.5550 10 3809 68.5110 -104.1560 18 3506 54.3580 -117.3640 2 3730 22.7110 -150.2910
-5.6575865690e-01 -6.7315619933e-01 -4.3749061803e+00
144 106 17
15 14 3541 -65.3160 -82.0200 16 4068 -63.3570 -115.8820 0 3754 -51.3860 -98.6230 3 3830 -39.2020 -111.6260 9 3614 -32.6260 -133.0410 10 3764 -39.2200 -55.3930 18 3475 -60.0780 -104.0330 7 3703 -77.5510 -148.7290 8 4334 -77.0170 -142.7070 1 3717 -84.9210 -141.1280 5 3730 -43.2000 -98.4920 11 4088 -41.2910 -205.1920 12 4234 -29.5840 -92.5540 13 4496 -26.5480 -146.8830 4 4527 -11.2470 -181.9240
4.9711334576e-01 -8.4949644534e-01 -4.0206056978e+00
107 90 8
10 14 4053 60.9370 -110.2820 16 4073 67.2630 -116.4000 0 3755 79.6660 -99.3010 3 4411 84.6310 -150.5550 9 4094 95.5610 -143.2360 10 4356 80.5080 -110.3290 18 4005 66.4410 -122.1070 2 4316 33.1960 -158.0010 7 3107 27.1090 -142.5020 1 3704 26.7610 -135.7970
-1.5119890919e-01 -7.7978356273e-01 -3.9866735772e+00
135 110 17
9 14 3583 -19.6700 -103.1510 16 3619 -5.0890 -124.2510 0 3769 9.0810 -108.8600 3 3217 5.8720 -139.7470 9 3631 20.2680 -145.7320 10 3077 0.6410 -90.0290 18 3516 -11.4980 -120.4030 8 3827 -9.8940 -144.4570 1 3715 -31.8470 -140.7150
-4.9276828688e-01 -7.8451200262e-01 -4.3444854476e+00
145 119 25
14 14 2874 -56.9660 -96.2710 16 3621 -52.4860 -127.4230 0 3771 -40.5960 -109.7170 3 3199 -32.0820 -125.5900 9 3630 -22.8090 -145.4490 18 3505 -51.3670 -116.8460 7 3722 -68.1630 -157.6040 8 4342 -64.5790 -151.6760 1 3733 -74.9560 -150.6740 5 3744 -33.0890 -107.1220 11 4099 -29.0380 -211.5060 12 3744 -18.9660 -101.0330 13 4173 -13.5390 -155.4340 4 4164 3.3340 -188.1990
-2.9040512406e-02 -8.0527637259e-01 -3.8876647260e+00
174 133 51
7 14 2898 -4.5690 -108.7990 16 3620 12.4640 -126.5240 0 3772 27.8460 -111.3790 3 2407 20.6290 -146.8400 9 3633 36.7960 -148.7810 18 2873 3.9960 -124.3210 8 3828 9.5340 -144.2850
6.4761046445e-01 -1.0592087580e+00 -4.1567755724e+00
154 125 49
11 14 4083 77.7760 -132.6610 16 4101 82.0250 -133.8210 0 3773 92.5850 -113.5890 3 4433 99.7340 -170.3750 9 4125 111.5980 -163.0220 10 4386 93.5840 -131.4100 18 4033 82.9840 -143.3750 2 3758 44.5420 -177.3990 7 3723 37.2890 -158.3290 1 4219 37.9130 -155.3860 5 3058 66.7500 -101.7380
-3.2627791442e-01 -8.5117224859e-01 -4.2232508885e+00
141 121 26
15 14 2891 -38.9490 -106.5870 16 3626 -29.8860 -133.0530 0 3774 -17.2510 -115.6890 3 3215 -14.1870 -138.4680 9 3636 -2.1090 -152.5590 10 3070 -17.6630 -85.7380 18 3522 -31.9800 -125.6630 7 3131 -48.9130 -160.4000 8 3842 -39.0650 -154.3070 1 3033 -54.5910 -153.1890 5 3072 -12.3540 -108.7080 11 4097 -3.5840 -210.1310 12 3745 3.2700 -101.6010 13 3659 11.8280 -153.7850 4 3624 30.5890 -181.1900
5.6951940100e-01 -1.0798800840e+00 -4.1686544360e+00
156 121 47
8 14 4487 67.0490 -134.2110 16 4112 72.6970 -138.3000 0 3778 84.8000 -118.4230 3 4437 90.6400 -171.8310 9 4130 102.8890 -165.9960 10 4385 83.5590 -131.8470 18 4360 73.0200 -145.7380 2 3757 36.9530 -176.5090
4.2602863831e-01 -1.0774585029e+00 -4.0441811358e+00
159 121 45
9 14 4092 52.0530 -139.4660 16 3641 61.1920 -145.5830 0 3785 74.7120 -124.6190 3 3911 74.2190 -176.5300 9 4133 91.0070 -171.7360 10 4390 67.3250 -133.6050 18 4043 58.9850 -151.2100 2 3756 17.1810 -175.3080 12 2159 73.4080 -93.9560
-4.1579655625e-01 -1.0219142633e+00 -4.3343735546e+00
177 157 67
6 14 3605 -48.6910 -122.7830 16 3659 -38.8430 -153.0700 0 3796 -27.1670 -134.2040 9 3662 -10.9690 -171.5050 18 3546 -40.6900 -143.4110 8 3856 -48.5520 -173.8400
-3.3834883576e-01 -1.0632579480e+00 -4.3026610515e+00
179 155 67
7 14 3612 -39.0910 -129.0750 16 3666 -29.0620 -156.1690 0 3801 -16.6840 -137.6910 3 3888 -15.8800 -159.1610 9 3666 -1.7550 -175.5500 10 3100 -21.2950 -104.1440 18 3553 -31.7020 -148.3780
9.1847236277e-02 -1.0831862944e+00 -3.9793012598e+00
168 112 35
13 14 4093 10.9430 -140.2140 16 4130 28.9400 -154.3590 0 3802 42.2130 -137.3720 3 3912 33.6520 -177.5020 9 4143 53.3680 -179.0560 10 4380 25.0480 -130.1690 18 3567 19.7240 -156.0610 2 4327 -22.9400 -164.6360 7 4281 0.6770 -173.1240 8 3849 23.3170 -167.3440 1 4231 -1.7860 -167.3370 5 3757 39.0980 -118.9040 12 3083 55.8520 -109.9770
-2.6033202201e-01 -1.0981278245e+00 -4.2552969686e+00
174 149 62
10 14 3617 -30.8250 -134.2380 16 3671 -18.2150 -159.0700 0 3804 -6.4050 -140.6290 3 3895 -7.5490 -165.2560 9 3669 8.6560 -179.5210 10 3115 -13.7230 -111.9220 18 3558 -22.4880 -152.8040 7 3170 -39.7880 -181.9540 8 3859 -26.0340 -176.8240 1 3768 -44.5520 -177.6220
-1.1526280581e-01 -1.1478866367e+00 -4.1242477969e+00
174 144 58
13 14 3627 -14.2000 -143.6290 16 3679 1.7790 -164.0420 0 3813 15.5960 -146.1700 3 3910 8.3980 -176.4830 9 3675 27.2150 -185.8610 10 3841 1.2170 -126.0290 18 3571 -4.9710 -160.7230 7 3777 -21.9660 -184.3640 8 4384 -2.6440 -179.0650 1 3772 -25.3110 -179.8510 12 3779 32.7910 -123.6030 13 4205 46.1930 -175.5710 4 4176 69.2670 -196.6040
3.5116109033e-01 7.4740122351e-01 -3.4974062850e+00
169 178 49
7 14 3832 46.1800 96.0410 16 3367 39.5730 75.4220 0 4056 59.5460 89.5030 3 4626 82.3970 46.3120 9 3872 69.9030 49.5140 10 4586 96.9580 91.3030 18 3782 44.6810 76.8200
-1.7082387571e-01 8.3603447033e-01 -4.1581459538e+00
229 241 101
13 14 3274 -21.7650 95.5130 16 3874 -43.4020 64.2880 0 4065 -30.5910 83.6340 3 3587 12.2580 59.8130 9 3395 -5.5130 41.4570 10 3515 29.3930 114.9640 18 3226 -26.0300 71.7330 2 3415 22.3480 72.5020 7 3513 -64.2610 -3.5790 8 4580 -74.4490 46.8930 11 4397 -56.2630 -20.5450 12 3470 -26.6280 69.4850 13 3920 -31.8310 46.9390
-2.1076201685e-01 5.8927096781e-01 -4.2254101448e+00
186 197 67
14 14 3861 -26.9570 64.5440 16 3901 -43.9370 34.0070 0 4097 -32.2870 53.1460 3 4204 6.2770 29.6220 9 3911 -7.7320 12.3030 18 3821 -29.1700 41.8770 7 3541 -65.1790 -26.8590 8 4150 -73.0420 15.5770 1 3521 -69.5940 -13.6290 5 3531 -35.1900 27.9660 11 3887 -53.6420 -50.7530 12 3526 -26.6770 42.8540 13 3964 -32.3870 15.5020 4 3922 -41.4070 1.0500
-1.1680276376e-01 5.4086006647e-01 -4.1944204343e+00
197 210 79
10 14 3874 -15.6160 58.8540 16 3907 -32.5610 30.5210 0 4098 -19.9470 49.1640 9 3916 4.0260 8.0920 18 3831 -17.4760 36.0640 7 2911 -55.4770 -28.7880 1 3526 -59.4330 -16.4930 5 3536 -25.3230 25.6280 12 3529 -17.0160 40.8770 13 3967 -20.3050 14.3020
-1.6717210661e-01 5.2441706432e-01 -4.2588070292e+00
151 162 32
15 14 3875 -21.5340 57.1290 16 3911 -38.9570 27.6850 0 4104 -26.6740 46.3680 3 3654 11.0710 22.9580 9 3922 -2.3480 4.9440 10 3579 25.1670 75.9470 18 3832 -23.4590 34.3700 7 4088 -61.4470 -32.9130 8 4162 -67.4460 9.5560 1 4053 -65.7230 -19.8930 5 4087 -32.0870 21.9660 11 4440 -47.8250 -55.2290 12 4104 -24.8530 35.7940 13 4399 -28.9860 8.0540 4 4395 -37.3360 -6.9290
-5.3430055664e-01 5.5449879996e-01 -4.6014213485e+00
207 224 111
9 14 2640 -59.5700 56.7290 16 3449 -86.1530 21.0150 0 4105 -77.7130 42.9490 3 2963 -28.9290 28.0470 9 3449 -44.5010 1.0150 10 3558 -13.2850 87.4320 18 3287 -63.3130 32.0040 7 2934 -101.3120 -39.1950 1 3545 -107.4000 -28.7440
7.0317980064e-01 3.9411425997e-03 -4.0349924152e+00
88 107 0
10 14 3934 85.8340 -5.1230 16 3946 72.0460 -14.4120 0 4141 86.2750 3.2910 3 4283 115.7450 -48.0840 9 3976 106.2860 -41.3050 10 4257 124.9860 -10.1930 18 3896 83.7490 -18.9350 2 4694 94.5100 -71.4410 7 3593 26.4170 -62.5040 1 3581 25.9610 -52.3100
-4.5607581078e-01 8.6209583834e-02 -4.2480648491e+00
103 110 0
8 14 3927 -55.1740 4.9620 16 3961 -63.2020 -27.8090 0 4157 -51.0430 -10.9160 3 4262 -25.2260 -28.0680 9 3983 -28.7840 -47.4200 10 4209 -17.7040 27.4680 18 3895 -53.7150 -17.8700 2 4158 -36.7930 -3.1940
7.2545101107e-01 -1.7398013143e-01 -3.8948535619e+00
97 121 0
7 14 4397 90.5050 -28.5210 16 3975 84.0190 -34.2330 0 4166 99.3910 -17.5260 3 4728 120.5990 -73.6540 9 4002 115.4050 -61.4840 10 4700 124.8770 -36.6020 18 4284 91.5560 -40.8090
5.6868966011e-01 -1.6408648111e-01 -3.8734235190e+00
117 142 17
11 14 3954 71.2040 -27.4010 16 3977 68.0630 -35.7510 0 4168 82.5610 -19.7390 3 4727 100.1430 -72.1040 9 4004 98.2620 -62.5210 10 4697 104.2400 -33.3530 18 3916 72.5260 -40.9670 2 4701 68.2650 -92.1370 7 3619 26.0740 -78.8410 8 4222 50.9820 -44.2430 1 3605 25.3480 -66.7330
-2.3853314211e-01 -3.8849807072e-02 -3.9772621085e+00
158 174 32
6 14 3450 -31.4820 -11.1350 16 3986 -30.0100 -38.2300 0 4169 -15.3800 -22.5000 9 3540 0.3500 -58.8670 18 3377 -27.5550 -31.4010 7 4163 -48.5520 -82.2400
3.6559669594e-01 -1.5953622091e-01 -3.8032461046e+00
85 88 1
11 14 3953 45.7230 -27.5430 16 3532 48.1730 -39.8550 0 4171 63.5660 -25.0620 3 4308 74.7360 -71.8130 9 4008 76.6490 -65.2030 10 4279 77.6970 -30.0940 18 3920 48.7040 -41.8530 2 4238 41.5820 -85.4180 7 3010 11.5370 -80.8940 8 4234 35.5870 -53.4290 1 2898 10.1450 -67.3930
-5.0464608764e-01 -6.5597217863e-02 -4.1602783273e+00
159 176 35
16 14 3452 -61.6970 -13.4010 16 3998 -65.0800 -46.3050 0 4181 -51.5220 -30.7140 3 4282 -32.5170 -47.6540 9 4007 -31.9270 -65.0780 10 3684 -27.6210 8.2220 18 3912 -57.9440 -35.9730 2 3552 -50.8330 -21.1610 7 3630 -77.5000 -90.4110 8 4264 -81.0560 -74.3880 1 3624 -84.0380 -77.2510 5 3651 -41.7880 -38.3130 11 4531 -47.9050 -140.2760 12 4164 -28.3770 -28.8760 13 4079 -25.9700 -71.9890 4 4467 -18.0510 -99.7650
3.9006269936e-01 -2.6434540067e-01 -3.7817233355e+00
112 122 9
14 14 3970 49.2650 -41.6950 16 4002 53.7310 -51.9930 0 4184 69.4130 -37.3750 3 4330 77.4250 -86.0650 9 4024 81.6890 -77.9510 10 4708 78.2510 -45.4660 18 3939 53.1730 -55.6240 2 4259 39.2550 -99.8690 7 3631 16.5860 -90.2230 8 4251 42.7070 -64.3070 1 3625 15.5030 -77.7660 5 3643 53.7250 -34.8990 11 3975 65.7090 -111.8010 13 2853 80.5410 -51.3530
4.1112787183e-01 -3.2646320062e-01 -3.7952299270e+00
92 94 0
11 14 3981 51.8810 -49.2070 16 4006 57.1950 -58.6860 0 4189 72.3330 -44.4870 3 4350 79.4920 -93.5690 9 4029 84.8860 -84.6560 10 4300 80.0920 -53.1370 18 3947 55.5140 -62.8640 2 4267 39.9990 -107.1770 7 3043 18.7170 -95.9090 8 4261 46.3970 -70.3410 1 2922 17.6930 -83.4220
-5.2934463406e-01 -3.8754229330e-01 -4.0637265323e+00
178 133 32
11 14 3502 -66.0410 -53.7910 16 4028 -59.1400 -85.6650 0 4207 -45.8080 -70.9520 3 3810 -38.4350 -87.4150 9 4048 -30.2730 -103.6630 18 3964 -59.0300 -75.3060 8 4302 -68.7200 -115.1770 1 4154 -77.3620 -108.8230 5 4183 -30.6590 -69.7350 12 4206 -14.3900 -61.7890 13 4476 -6.9350 -110.7730
-4.6271908244e-01 -4.0822007161e-01 -3.9870668550e+00
181 132 35
8 14 3990 -58.2410 -57.7100 16 4031 -49.8360 -87.5530 0 4208 -34.6840 -73.3830 9 4052 -21.5990 -106.2880 18 3967 -52.0180 -78.0040 8 4304 -56.6430 -116.2910 11 4566 -16.8240 -177.6230 4 4492 24.6480 -136.4800
-3.8774707206e-01 -4.3786095010e-01 -3.9446376540e+00
177 127 30
12 14 3994 -49.6610 -61.8060 16 4032 -39.1800 -89.6780 0 4212 -24.2720 -75.4110 3 3816 -22.1480 -97.5420 9 4054 -11.5340 -108.9280 18 3968 -42.9690 -81.3890 7 4212 -53.2880 -123.1380 8 4306 -44.5490 -117.1000 1 4156 -59.5130 -110.3290 12 4207 5.9140 -61.9840 13 4474 17.1070 -109.1060 4 4489 36.5630 -133.3670
-1.7358367721e-01 -5.1888902771e-01 -3.7874953580e+00
177 131 37
12 14 4011 -24.2670 -74.7010 16 4044 -6.7010 -96.3120 0 4221 8.9810 -83.1300 3 4367 3.4450 -114.1900 9 4064 16.1280 -117.3490 10 4311 -0.5850 -64.6480 18 3981 -16.3340 -91.8290 2 3675 -40.3360 -101.0050 8 4308 -7.6920 -120.4220 1 4161 -31.4820 -112.8400 11 4558 28.8420 -174.5870 13 4118 51.9950 -107.3480
7.8799299291e-01 -8.4235640663e-01 -4.1359103013e+00
161 139 63
7 14 4452 95.0010 -107.1860 16 4432 92.8480 -106.9960 0 4228 103.9890 -87.9400 9 4431 124.1800 -136.2850 7 3674 44.8430 -135.5950 8 3783 72.8390 -105.7680 1 4182 45.7150 -130.9270
7.9402338836e-01 -8.4764949419e-01 -4.1420849433e+00
161 139 63
8 14 4453 95.0010 -107.1860 16 4433 92.8480 -106.9960 0 4229 103.9890 -87.9400 3 4781 119.3560 -148.1740 10 4754 117.4390 -112.7240 7 3675 44.8430 -135.5950 8 3784 72.8390 -105.7680 1 4183 45.7150 -130.9270
-3.3039542826e-01 -6.8831546621e-01 -4.1307332086e+00
174 134 46
5 14 3554 -40.5940 -89.6290 16 4069 -31.6250 -115.1610 0 4239 -17.9300 -99.4170 9 4086 -3.5320 -135.2770 18 3486 -33.7650 -108.5730
-2.5440944979e-01 -6.8801877657e-01 -4.0331859805e+00
151 110 22
13 14 4028 -31.9760 -90.8200 16 4070 -20.2090 -115.2880 0 4240 -5.9590 -99.8780 9 4087 6.4560 -135.4000 18 3997 -24.8740 -108.9460 7 3694 -39.6530 -144.0430 8 4324 -26.2200 -137.9180 1 4190 -44.7560 -133.9880 5 4208 -0.3960 -91.6180 11 4578 10.4970 -193.4010 12 4227 16.8230 -82.9860 13 4491 28.2910 -131.8280 4 4503 47.4060 -155.0210
7.0468388247e-01 -9.6577989869e-01 -4.1331826913e+00
170 154 74
8 14 4474 82.6550 -120.5510 16 4081 86.6220 -122.6860 0 4245 97.8330 -103.3840 3 4797 108.6090 -161.1600 9 4107 117.1560 -151.6500 18 4350 90.0040 -132.3710 7 3704 41.1300 -148.7700 1 3723 42.4250 -145.0110
-3.5945189631e-01 -7.9345937829e-01 -4.2373384560e+00
192 161 70
10 14 3575 -42.8620 -98.9740 16 4086 -35.2320 -127.0120 0 4256 -22.8530 -110.5430 9 4098 -6.5840 -145.8270 18 3510 -35.7630 -118.6680 7 3718 -53.3340 -155.6290 1 3727 -58.8370 -147.7250 5 3740 -17.0760 -104.7340 12 3737 -1.7770 -97.7370 13 3654 6.3420 -149.8930
5.9085031822e-01 -9.9496757885e-01 -4.1428705230e+00
94 72 3
8 14 4694 70.4090 -124.8880 16 4452 74.3860 -128.9220 0 4257 85.5870 -110.1920 9 4624 104.4630 -156.5160 10 4761 90.0260 -123.8900 18 4540 75.6540 -136.1150 7 4255 32.9240 -153.2230 1 4518 33.2010 -148.7320
-1.7786687600e-01 -8.2724141170e-01 -4.0301472980e+00
200 179 88
12 14 4050 -22.4970 -108.2140 16 4095 -8.4350 -130.0240 0 4263 5.2020 -113.8340 3 3867 1.7600 -142.6860 9 4106 17.2540 -151.2010 10 3795 -3.1190 -92.4850 18 4010 -14.4450 -125.6980 7 3719 -29.5230 -155.7780 8 4339 -13.5520 -149.7710 1 4206 -33.8760 -146.9630 5 4223 8.8380 -102.9330 12 4237 26.2960 -94.1860
-6.2708615521e-02 -8.3982338724e-01 -3.9484832562e+00
134 95 12
11 14 4055 -8.6730 -111.2500 16 4096 8.2150 -130.5250 0 4265 22.5400 -114.9460 3 4405 16.0940 -147.8350 9 4111 32.5100 -152.5000 10 3803 9.4950 -98.5060 18 3526 -0.1740 -127.5040 2 3030 -34.6170 -133.0490 7 4258 -16.3300 -155.0810 1 4207 -20.1620 -146.0230 5 4224 23.6680 -102.1010
-3.0141623116e-01 -8.9309682513e-01 -4.1893396579e+00
224 200 108
14 14 4058 -36.4140 -112.5730 16 4111 -25.5010 -138.1030 0 4273 -12.5110 -120.5890 3 4400 -11.8320 -144.3770 9 4117 1.6320 -157.9170 10 4336 -16.0480 -91.6890 18 4017 -28.8060 -131.1540 2 4274 -54.6600 -117.3660 7 3735 -44.6170 -163.9300 8 4752 -33.4680 -158.5210 1 4223 -49.8270 -156.5400 5 4242 -7.8490 -112.3400 11 4960 2.7980 -212.7930 12 4256 8.2840 -105.0210
1.8432619677e-01 -9.7213012597e-01 -3.9661017057e+00
117 77 2
10 14 4076 22.3120 -127.3500 16 4115 37.5200 -139.2150 0 4275 51.2840 -121.8670 3 4429 45.8120 -165.6050 9 4126 62.5650 -164.1640 10 4758 38.6190 -120.5050 18 4028 30.5160 -141.5930 2 4747 -9.1100 -159.2620 7 3727 5.8760 -160.8410 1 3737 4.1000 -153.5570
1.8378759347e-01 -9.7195262008e-01 -3.9653389480e+00
117 77 2
10 14 4077 22.3120 -127.3500 16 4116 37.5200 -139.2150 0 4276 51.2840 -121.8670 3 4430 45.8120 -165.6050 9 4127 62.5650 -164.1640 10 4759 38.6190 -120.5050 18 4029 30.5160 -141.5930 7 3728 5.8760 -160.8410 8 4341 31.0610 -150.4160 1 3738 4.1000 -153.5570
-2.8383830293e-01 -1.0271667030e+00 -4.2484872521e+00
193 159 72
13 14 4074 -33.3390 -125.3940 16 4126 -22.1550 -151.8130 0 4290 -10.0550 -133.5060 3 3883 -9.5790 -157.0330 9 4132 4.5610 -171.5220 10 3808 -15.0070 -103.7910 18 4034 -26.0050 -144.6160 7 3760 -42.9330 -175.9840 8 4365 -29.7910 -170.9640 1 4233 -48.1760 -170.8500 5 3769 -6.4430 -124.7060 12 3766 9.6850 -117.9060 13 4196 19.6870 -171.9910
2.2814528928e-01 -1.1329672726e+00 -4.0558893187e+00
165 118 43
10 14 4494 27.3730 -143.7910 16 4131 41.9200 -155.3040 0 4293 54.8080 -136.2290 3 4451 50.2600 -180.8890 9 4147 68.1620 -180.0570 10 4393 41.6630 -136.0190 2 4336 -8.1350 -172.5020 7 3755 9.9110 -174.2160 1 4232 7.6510 -169.8490 5 3100 44.5490 -120.7420
-1.3619145290e-01 -1.0797562352e+00 -4.1384498417e+00
197 159 76
14 14 4088 -17.0180 -135.1140 16 4133 -2.0620 -156.2330 0 4296 11.1740 -138.2490 3 3899 6.7220 -168.3750 9 4141 23.8930 -178.0170 10 3822 -0.1660 -117.9000 18 4045 -7.6030 -152.9030 7 3764 -25.2320 -178.2660 8 4367 -8.4340 -172.3900 1 4235 -29.5870 -172.8570 5 4256 11.6240 -125.4320 12 4274 28.4760 -117.6230 13 4193 41.2610 -169.0430 4 4169 63.3470 -190.7620
2.8944451847e-01 -1.1800356299e+00 -4.0724396087e+00
133 96 20
7 14 4496 34.6720 -150.0250 16 4134 49.8980 -158.2550 0 4297 61.2820 -139.5440 9 4155 75.3020 -184.6030 18 4057 43.6090 -162.6170 2 4340 -2.3420 -178.8820 8 3847 39.9780 -164.0290
-1.8480443109e-01 -1.1245278347e+00 -4.1860174555e+00
172 144 57
11 14 4090 -22.6220 -138.9520 16 4140 -7.9900 -161.6230 0 4302 5.2680 -143.6230 3 4436 0.7370 -171.4000 9 4149 17.7940 -182.8010 10 3826 -6.0590 -119.5600 18 4050 -13.3490 -157.0210 7 3775 -30.0530 -183.4180 8 4383 -13.5730 -178.0640 1 4240 -34.6810 -178.6840 12 3778 23.3120 -123.5730
1.5944479530e+00 6.2509486142e+00 -1.8844846271e+01
129 116 11
10 14 3739 54.1310 205.4118 16 3798 -99.1460 161.0295 0 4418 -118.3470 219.7288 3 4504 86.4600 221.0687 9 3795 -12.2310 137.3480 18 3696 14.6710 171.8589 7 4001 -169.7380 69.8550 8 4800 -255.3362 214.5016 1 2713 -175.2280 31.4510 5 3992 -250.1263 123.4170
1.5944479530e+00 6.2509486142e+00 -1.8844846271e+01
129 116 11
10 14 3740 54.1310 205.4118 16 3799 -99.1460 161.0295 0 4419 -118.3470 219.7288 3 4505 86.4600 221.0687 9 3796 -12.2310 137.3480 18 3697 14.6710 171.8589 7 4002 -169.7380 69.8550 8 4801 -255.3362 214.5016 1 2714 -175.2280 31.4510 5 3993 -250.1263 123.4170
5.0906841041e-01 1.3474818439e+00 -4.5182580658e+00
213 221 118
13 14 4563 55.6370 149.8358 16 3823 11.4960 119.9140 0 4449 22.6340 146.7583 3 4863 93.3870 115.6680 9 3817 55.9960 94.4290 10 4870 124.7560 167.9719 18 4428 43.5040 125.2740 7 3458 -27.5160 38.8060 5 4008 -10.2730 96.5380 11 4295 -38.7410 59.8320 12 3396 -11.1110 115.5760 13 3857 -26.8860 106.6430 4 3796 -58.1990 108.7890
4.0004296066e-01 1.3054789746e+00 -4.5184007762e+00
104 115 2
10 14 4247 43.8960 144.3139 16 4247 0.4880 115.1070 0 4452 11.5090 141.1050 3 4571 80.6070 110.6500 9 4243 44.7390 89.6360 10 4873 110.9660 163.2362 18 4151 32.5260 119.7100 2 4871 117.1980 109.6510 7 4027 -35.9800 35.2130 8 4835 -44.9970 113.8840
3.0517230460e-01 6.7224443126e-01 -3.4493159462e+00
202 212 87
8 14 4289 39.5460 86.3740 16 4295 37.6780 65.7550 0 4500 58.4240 79.0130 3 4634 76.1930 35.8730 9 4287 66.1920 40.5110 10 4919 88.7600 81.1890 18 4199 39.5590 67.1460 2 4916 65.3350 13.3120
-4.9312297594e-01 5.1262850050e-01 -4.5898251434e+00
123 138 12
8 14 3335 -55.7770 53.0520 16 4337 -80.4780 16.9790 0 4536 -71.2260 37.6530 3 3649 -24.4670 24.6400 9 3930 -39.6340 -2.9930 10 3568 -9.5300 82.8030 18 3294 -58.8410 27.8760 7 4100 -96.2420 -43.1430
-2.1785356280e-01 3.0693133591e-01 -4.3963318619e+00
160 175 48
15 14 4344 -26.1830 30.8370 16 4347 -43.7990 0.6240 0 4540 -32.5910 20.0370 3 4663 4.5510 -1.7540 9 4344 -6.4680 -20.4120 10 4628 16.7210 51.6720 18 4244 -27.7990 8.3340 7 4122 -65.2360 -54.4810 8 4904 -72.6430 -17.1300 1 4081 -70.0540 -43.8750 5 4114 -37.7370 -0.9860 11 5094 -52.7230 -80.9020 12 4543 -30.3790 11.6210 13 4426 -36.2560 -20.5800 4 4667 -42.8780 -39.7330
-2.1794147405e-01 3.0665226319e-01 -4.3981829554e+00
160 175 48
14 14 4345 -26.1830 30.8370 16 4348 -43.7990 0.6240 0 4541 -32.5910 20.0370 3 4664 4.5510 -1.7540 9 4345 -6.4680 -20.4120 10 4629 16.7210 51.6720 18 4245 -27.7990 8.3340 2 4612 2.3780 15.8810 7 4123 -65.2360 -54.4810 8 4905 -72.6430 -17.1300 1 4082 -70.0540 -43.8750 5 4115 -37.7370 -0.9860 11 5096 -52.7230 -80.9020 12 4544 -30.3790 11.6210
7.9480863174e-01 1.1349787901e-01 -4.1148722620e+00
115 131 21
6 14 4365 95.5930 8.8650 16 3932 76.6520 -0.8740 0 4542 89.6380 18.0520 9 3950 112.2170 -27.8250 18 4258 91.9790 -5.6170 7 3580 29.1310 -52.8010
4.1877520274e-01 -2.0586976090e-01 -3.7969231719e+00
89 87 0
10 14 3961 53.0420 -34.0310 16 3994 55.2070 -43.9410 0 4577 69.8960 -29.3340 3 4320 81.6030 -78.0670 9 4012 84.0330 -70.0110 10 4701 83.7300 -37.7860 18 3929 56.0040 -47.6950 2 4702 45.7230 -93.2250 7 3625 17.2880 -84.0330 1 3612 16.5940 -71.1550
6.4308524947e-01 -2.5884190705e-01 -3.8472599371e+00
99 112 0
8 14 4404 81.3210 -40.0890 16 4382 78.9450 -45.9260 0 4578 94.7330 -29.5350 3 4738 109.4010 -84.9260 9 4381 109.3460 -73.0910 10 4710 112.4330 -47.4240 18 4292 82.8360 -52.1650 2 4717 73.0090 -107.5560
5.1579080507e-01 -2.9135315228e-01 -3.8424566628e+00
77 92 0
13 14 4407 64.6160 -43.6370 16 4389 66.2190 -51.9970 0 4582 81.4240 -36.9250 3 4739 93.0600 -87.8780 9 4386 95.1280 -78.4360 10 4711 94.7150 -48.8260 18 4294 67.6970 -56.7110 2 4715 55.3990 -105.4260 7 3633 24.6790 -91.0400 8 4249 52.7500 -62.0100 1 4123 23.9730 -79.2150 5 3647 59.1390 -36.5800 12 3632 73.1400 -22.2470
-5.0026410595e-01 -1.2780905021e-01 -4.1419050914e+00
100 110 0
