# Bundle file v0.3
19 1699
6.0923171244e+02 -3.5112045601e-02 5.1919749849e-02
9.4251793749e-01 -1.6001163109e-01 2.9335339683e-01
1.7905834992e-01 9.8306196774e-01 -3.9080364726e-02
-2.8213125463e-01 8.9361319939e-02 9.5520495689e-01
1.2646614170e+00 -2.5906164933e-01 -1.1737215602e+00
6.1718250192e+02 -3.1132096818e-02 -2.0968589481e-01
8.9571533445e-01 -2.0533939146e-01 3.9437263336e-01
8.8656221863e-02 9.5164294794e-01 2.9413563871e-01
-4.3569956846e-01 -2.2849821432e-01 8.7060579604e-01
1.2430767965e+00 5.5559421611e-01 -2.7747221103e+00
6.1633076878e+02 -3.8639382644e-02 -8.7158970341e-03
9.3198508449e-01 2.9867003202e-01 -2.0542642055e-01
-3.3987811767e-01 9.1701716215e-01 -2.0871604983e-01
1.2604232391e-01 2.6434019047e-01 9.5615772563e-01
-7.6929616366e-01 -1.1462798098e+00 -8.8481416158e-01
6.0864010877e+02 -2.2173464320e-02 5.4420912615e-03
9.9828696023e-01 4.0743328702e-02 -4.1989596399e-02
-4.3965767957e-02 9.9591115406e-01 -7.8917580159e-02
3.8602542500e-02 8.0628496057e-02 9.9599643038e-01
6.2300404026e-02 -6.7897695659e-01 -8.9924939562e-01
0 0 0
0 0 0
0 0 0
0 0 0
0 0 0
6.0872574659e+02 -9.5475646617e-02 8.5295963771e-02
8.0584424751e-01 -2.3106169865e-01 5.4518395076e-01
1.8146952522e-01 9.7278787195e-01 1.4405751492e-01
-5.6363450938e-01 -1.7153647006e-02 8.2584616741e-01
2.2423384305e+00 3.6570076111e-01 -2.9936333916e+00
0 0 0
0 0 0
0 0 0
0 0 0
0 0 0
5.9760324696e+02 -6.1266592865e-02 1.8509743876e-01
8.9541804331e-01 -2.0637956230e-01 3.9450475786e-01
1.3465585656e-01 9.7011185853e-01 2.0186822986e-01
-4.2437522077e-01 -1.2763407930e-01 8.9644587890e-01
1.2654235268e+00 1.6377495541e-02 -2.7796219303e+00
6.2152130788e+02 -8.6972467098e-02 6.2067431413e-02
8.4128947291e-01 -2.4957531679e-01 4.7952495662e-01
2.9059472244e-01 9.5677271847e-01 -1.1860543398e-02
-4.5583629744e-01 1.4932557198e-01 8.7744808592e-01
1.7660274241e+00 -4.2449656210e-01 -1.4500807703e+00
6.1240005777e+02 -4.7641056850e-02 4.3997995953e-02
9.8841517503e-01 -1.1189489895e-01 1.0254254412e-01
1.0306816190e-01 9.9080177039e-01 8.7685835790e-02
-1.1141093199e-01 -7.6101139191e-02 9.9085630686e-01
6.4339931484e-01 -8.1050552431e-02 -1.2247554971e+00
6.1403266007e+02 -4.3438148025e-03 -7.9035740896e-02
9.8288506012e-01 1.3702899148e-01 -1.2312600895e-01
-1.5750102376e-01 9.7173983219e-01 -1.7582697761e-01
9.5553053861e-02 1.9221018192e-01 9.7669076983e-01
-2.2922883939e-01 -6.8027304409e-01 -8.2576389761e-01
6.1555041133e+02 -5.1850343010e-02 -1.3737410026e-02
7.2378471262e-01 -3.3932864482e-01 6.0082589872e-01
3.7686164863e-01 9.2378907941e-01 6.7742413320e-02
-5.7802334517e-01 1.7739731558e-01 7.9650436588e-01
2.4587632323e+00 -5.8701388195e-01 -1.8654009149e+00
6.1153639090e+02 -6.0113162042e-02 -1.6442209495e-03
7.3037311204e-01 -2.6562475158e-01 6.2928420332e-01
2.2634099058e-01 9.6335446909e-01 1.4393721848e-01
-6.4445703750e-01 3.7304935738e-02 7.6372997099e-01
2.7039984845e+00 5.0359408168e-01 -2.9275094011e+00
6.1461938876e+02 -4.7421719437e-02 4.1938747349e-04
6.2902532249e-01 -3.0104439203e-01 7.1672827326e-01
2.6567732956e-01 9.4970917440e-01 1.6573485035e-01
-7.3057696393e-01 8.6167035968e-02 6.7737178985e-01
3.0760752840e+00 3.2092244690e-01 -2.3696746495e+00
6.0986958410e+02 -2.7253705160e-02 -4.3587017105e-03
9.9991374501e-01 -5.2467959016e-03 -1.2040501447e-02
4.9195610235e-03 9.9962202016e-01 -2.7048377770e-02
1.2177867698e-02 2.6986810731e-02 9.9956160970e-01
-5.6836735361e-02 -1.5842959855e-01 -8.8767703937e-01
0 0 0
0 0 0
0 0 0
0 0 0
0 0 0
6.1089259894e+02 -4.6924372310e-02 5.3014767084e-02
9.5386858768e-01 -1.6555050875e-01 2.5045507879e-01
1.5548519951e-01 9.8603872296e-01 5.9598570134e-02
-2.5682497965e-01 -1.7907146029e-02 9.6629201795e-01
9.7352809452e-01 1.8806994976e-03 -1.2337145637e+00
0 0 0
0 0 0
0 0 0
0 0 0
0 0 0
6.0962179992e+02 -3.1998330128e-02 -3.9768245910e-02
9.9692511196e-01 -6.1399628395e-02 4.8686823378e-02
6.0051637874e-02 9.9778306259e-01 2.8683807118e-02
-5.0340062836e-02 -2.5671884136e-02 9.9840213964e-01
2.0466611135e-01 -9.1470865057e-02 -1.0575147038e+00
2.5854905273e-01 6.7885266365e-01 -3.4266021321e+00
177 187 62
6 14 1664 34.2050 86.6390 16 1801 32.8260 67.2050 0 476 53.7630 80.7220 9 539 61.4170 41.5900 18 1691 34.3020 68.3540 8 1994 23.7600 46.7170
2.1394857309e-01 5.1863982683e-01 -3.4985673279e+00
89 79 10
6 14 1734 28.2530 63.7920 16 1858 27.6680 44.1750 0 547 48.3220 57.0980 3 2054 62.1220 14.2890 10 1853 71.6470 60.3560 1 1781 -5.6370 4.2960
8.5814691370e-01 2.0003524541e-01 -4.2488009817e+00
111 116 22
5 14 1843 101.2570 19.0470 16 682 76.5780 8.4810 0 645 88.5670 28.9790 9 723 113.7680 -18.4220 18 1833 95.8700 4.3670
-1.9069939759e-01 1.4060134747e-01 -4.2530866338e+00
134 128 16
12 14 608 -23.1990 10.9270 16 748 -34.2740 -16.8060 0 743 -21.8550 1.2730 3 851 6.6780 -23.5650 9 779 0.4580 -37.7370 10 582 15.3100 28.5230 18 712 -22.9700 -9.9680 2 755 -4.5250 -8.5760 8 908 -57.6400 -35.3920 11 1193 -34.1870 -97.4530 12 704 -14.8810 -1.1550 13 824 -16.5950 -35.4930
6.0070555584e-01 1.2642929643e+00 -4.4386430640e+00
121 118 14
8 14 2490 67.6440 141.9323 16 2610 24.4080 114.7200 0 1663 36.2940 140.6803 3 3525 105.1670 105.6280 9 2652 68.0020 88.7510 10 3459 136.5090 155.6033 18 1583 55.9570 118.9850 8 1832 -19.9270 115.5660
3.2887599281e-01 5.9297279015e-01 -3.4869118107e+00
140 144 34
7 14 2614 43.1150 74.0810 16 2726 40.9180 56.1760 0 1854 60.9600 69.5530 3 2972 79.7420 24.4650 9 2755 70.6210 29.9830 10 2813 90.5150 68.6940 18 2545 43.4290 55.8790
9.2086479001e-01 3.0389554807e-01 -4.2704138771e+00
174 186 86
5 14 2690 108.2780 31.7120 16 1910 79.4870 20.2600 0 1919 92.3400 41.1310 9 1936 118.7220 -6.2850 18 1812 101.6120 16.4440
-2.1859306777e-01 1.7844674289e-01 -4.2845595231e+00
176 167 64
11 14 1851 -26.5800 15.6420 16 1988 -38.8120 -12.9540 0 2006 -26.7480 4.9830 9 766 -3.5690 -33.9500 18 1860 -26.6420 -5.7640 8 2162 -63.1640 -32.3790 1 725 -64.6650 -52.8920 5 712 -29.5290 -11.0070 11 2466 -40.1610 -95.2720 12 699 -20.2840 1.1260 13 1900 -22.3830 -33.3670
-3.8331596213e-01 1.1405178955e-01 -4.2986964631e+00
127 142 5
10 14 1868 -45.7010 7.5640 16 2005 -56.0210 -22.9920 0 2030 -44.0840 -5.3530 3 2149 -15.7980 -24.5380 9 802 -21.2580 -43.5330 10 2885 -7.7380 29.6460 18 725 -44.8660 -14.2670 2 2868 -26.2170 -1.7460 7 825 -73.5030 -73.0890 8 3034 -80.0800 -45.0590
-5.1242236406e-01 7.3672103262e-02 -4.2416185568e+00
190 189 78
11 14 1877 -61.4200 3.1290 16 2022 -69.2550 -30.2740 0 2046 -57.0900 -13.6110 3 2163 -31.8320 -29.4390 9 2032 -34.9640 -49.2440 10 2893 -24.6410 26.6790 18 1885 -59.6450 -19.6410 2 1990 -43.7840 -2.4220 7 2093 -82.4830 -78.4070 8 3053 -90.3760 -56.8070 1 1943 -88.8580 -65.5360
-5.1220487572e-01 7.3415037316e-02 -4.2455617248e+00
190 189 78
7 14 1878 -61.4200 3.1290 16 2023 -69.2550 -30.2740 0 2047 -57.0900 -13.6110 9 2033 -34.9640 -49.2440 10 2894 -24.6410 26.6790 18 1886 -59.6450 -19.6410 8 3054 -90.3760 -56.8070
-4.7794585742e-01 -2.8926279613e-02 -4.1562729917e+00
148 170 24
11 14 678 -58.5090 -9.2970 16 813 -62.5540 -41.2400 0 2073 -49.7100 -25.7190 3 893 -28.4330 -43.8900 9 849 -27.9840 -60.3910 10 1973 -23.5800 11.7080 2 2031 -46.0470 -18.4870 8 2212 -80.7650 -68.7640 5 776 -39.6860 -34.0620 12 787 -26.0650 -23.7380 13 1985 -24.2350 -66.1990
-5.3152902855e-01 -3.4810856523e-02 -4.1716137586e+00
131 152 12
9 14 683 -64.5800 -10.2490 16 818 -68.1640 -42.9650 0 2077 -55.3750 -27.0850 3 2188 -35.3790 -43.5560 9 858 -35.4910 -62.1040 10 1970 -30.2550 12.2660 18 1909 -61.3860 -32.4880 8 2215 -85.7400 -71.5720 5 787 -44.9220 -35.7230
-4.3901814747e-01 -7.6056654400e-02 -4.0963696625e+00
142 167 17
14 14 703 -54.7390 -15.5170 16 2055 -54.8400 -45.9090 0 2094 -41.7120 -31.0890 3 2202 -25.5960 -50.2560 10 1986 -21.0690 4.0370 18 1915 -50.8600 -37.1470 2 801 -45.0240 -26.8060 7 869 -69.2050 -89.6350 8 2219 -69.4000 -72.9990 1 780 -75.8750 -76.6040 5 791 -32.4420 -37.5840 11 2551 -37.2280 -138.7040 12 2018 -18.5230 -27.0820 13 2897 -14.5360 -69.4990
1.5555938961e-01 -1.9376472126e-01 -3.7430443689e+00
93 112 0
7 14 2788 18.7240 -32.8740 16 2064 27.0570 -48.2770 0 2104 43.1540 -35.3630 3 3133 48.9560 -76.2870 10 2058 48.6610 -31.9810 18 2764 24.1800 -48.4290 2 2982 11.7440 -81.9410
9.7231716033e-02 -5.7720573831e-01 -3.6501657467e+00
167 116 35
7 14 2065 12.4760 -85.3300 16 2157 31.1060 -98.4130 0 2207 48.7020 -84.8750 3 2366 38.8360 -128.7210 10 2164 31.2230 -84.9270 18 2046 20.6260 -99.5360 8 1164 31.0910 -116.7740
8.3316358644e-01 -9.6437794973e-01 -4.1976206126e+00
137 110 31
8 14 2918 99.0550 -120.5380 16 3041 97.6980 -118.7650 0 2235 107.6640 -98.2370 3 3246 122.0480 -159.0030 9 3059 128.6890 -149.0490 10 3136 118.7960 -123.2450 18 2886 102.8150 -129.7270 2 3089 70.9160 -174.8860
-4.7204543616e-01 -6.9450070997e-01 -4.2712035415e+00
160 123 32
9 14 2069 -55.6260 -87.1470 16 2196 -50.3160 -117.9280 0 2249 -37.8780 -100.8920 3 2345 -29.9240 -117.8320 9 2192 -21.0680 -136.0710 18 2058 -49.7900 -107.6930 7 1075 -65.8340 -148.9820 1 2098 -72.5770 -141.0640 5 970 -29.5980 -98.3650
7.9250607803e-01 -9.9271847495e-01 -4.1931216347e+00
140 116 38
8 14 2926 94.2880 -123.3330 16 2205 93.7550 -122.6530 0 2253 104.3460 -103.2130 3 3250 117.1540 -162.6430 9 3070 125.2100 -152.4880 10 3141 113.4210 -125.7890 18 3535 98.8150 -133.6540 7 1076 46.1180 -148.8840
-5.7774268721e-01 -8.4286727671e-01 -4.4187983006e+00
196 165 75
13 14 2097 -66.4370 -100.9240 16 1073 -61.5350 -134.6250 0 2289 -50.3360 -116.6430 3 1163 -40.5590 -129.2280 9 2232 -32.2210 -152.1950 10 2134 -42.7980 -72.2460 18 985 -60.1850 -123.2340 8 2377 -74.5410 -159.6580 1 1004 -83.8150 -158.7850 5 1009 -42.1940 -115.1320 11 2725 -38.5770 -220.8890 12 2194 -28.1550 -110.1430 13 3054 -24.7760 -167.2730
-5.5587654907e-01 -8.8749934480e-01 -4.3876325167e+00
193 173 78
12 14 953 -64.0630 -107.2230 16 2240 -58.4850 -140.0370 0 2297 -46.6680 -121.8810 3 1180 -38.9340 -135.2750 9 2243 -28.8610 -157.5790 18 1000 -57.5200 -128.5660 8 2392 -69.6840 -164.5110 1 2146 -80.2470 -162.9410 5 1018 -37.5890 -118.5520 11 2733 -32.7490 -224.4460 12 2201 -23.4200 -113.5210 13 2193 -18.4300 -170.4410
8.9900242290e-01 1.1147676057e+00 -4.5691753246e+00
209 217 113
9 14 1569 99.7260 121.5450 16 2636 52.5050 100.3560 0 2732 63.6630 125.8130 3 2845 136.2860 85.6000 9 2680 97.1050 73.6810 10 2703 167.7430 130.3810 18 2474 86.9720 100.6740 8 2774 5.3770 104.7140 11 3075 -1.7520 50.4940
8.8674331202e-01 1.0651141886e+00 -4.5634740675e+00
112 120 9
10 14 2542 99.0970 116.5280 16 2652 51.9040 95.0290 0 2746 63.6910 120.4370 3 3560 134.9860 80.0710 9 2696 96.3470 68.7820 10 3503 165.4830 124.6840 18 2480 85.8530 95.6990 2 3434 165.8400 60.6230 8 2788 5.8960 99.0720 11 3090 -0.5880 44.6500
2.2703993043e-01 6.2477787304e-01 -3.3877960611e+00
131 140 21
9 14 3293 29.8710 80.0020 16 2717 31.7540 60.0070 0 2851 53.0130 72.9770 3 2961 65.7360 29.1320 9 2742 59.6290 34.7980 10 3585 76.1990 74.9820 18 3235 31.2220 61.1800 2 2851 50.8180 8.6400 8 2009 24.5420 39.1560
-2.5892950560e-01 4.9122192008e-01 -4.4079443626e+00
142 154 30
7 14 2649 -30.8370 52.3590 16 2806 -52.2820 20.7120 0 2921 -39.8750 40.2790 3 2985 1.3970 19.4050 9 1912 -13.6840 -0.9340 10 2802 15.6010 74.2430 18 2610 -33.1430 28.6480
-5.2542928673e-01 4.7705894950e-01 -4.6575226898e+00
200 216 92
9 14 1778 -58.0370 49.0170 16 2830 -84.1700 12.5440 0 2934 -75.8970 33.4530 3 2031 -26.7420 20.5310 9 1938 -42.4810 -7.0650 10 1809 -12.1580 78.4590 18 1791 -60.8200 23.6790 2 2791 -19.6170 51.1180 7 2949 -101.1780 -46.9440
-4.4085628963e-01 2.7656319113e-01 -4.4176658573e+00
114 120 3
10 14 2699 -51.1780 27.1260 16 2874 -67.9040 -6.5910 0 2971 -57.4330 12.0490 3 3016 -21.0140 -4.2270 9 2858 -30.2010 -26.3460 18 2657 -51.9840 3.5870 7 2054 -83.9920 -60.5350 1 1901 -89.9100 -48.9360 5 2897 -55.6380 -7.5900 12 2860 -48.2420 3.5650
-4.1415753763e-01 2.4262211069e-01 -4.3676766733e+00
118 117 15
10 14 2707 -48.7060 23.1730 16 2881 -63.7200 -9.5560 0 2977 -52.5510 8.8880 3 3025 -18.0300 -8.6000 9 1988 -26.6070 -29.0360 10 2852 -7.9130 46.6290 18 2666 -49.2450 -0.4840 2 2839 -22.5100 15.5740 7 2061 -80.2810 -62.3780 1 1904 -85.5880 -50.6890
6.7310748188e-01 -5.6547509148e-02 -3.9585848062e+00
109 131 5
6 14 1916 83.7440 -13.1190 16 771 74.0850 -21.7680 0 2992 87.9960 -4.8260 3 3096 113.1010 -57.1360 9 814 106.8340 -48.5320 18 1897 82.9280 -26.4250
7.7062449744e-01 -9.3519202875e-02 -3.9749108935e+00
106 133 4
6 14 3459 95.9630 -17.9980 16 2915 84.6150 -23.5750 0 2995 97.4950 -6.1780 3 3786 124.7790 -62.2440 10 4272 131.5660 -25.6950 18 2726 95.8870 -30.2480
-4.7079635876e-01 2.8446074533e-03 -4.1805961253e+00
163 178 39
12 14 2753 -57.4050 -5.5340 16 2940 -62.0570 -37.4140 0 3029 -49.4110 -21.4520 3 3071 -27.6230 -39.4230 9 2046 -29.0890 -56.6720 18 2720 -54.4730 -27.7650 2 3545 -43.4630 -14.5400 7 2106 -75.8970 -83.5690 8 3060 -80.5430 -64.4680 5 2015 -41.1980 -31.0450 12 2005 -28.9210 -20.8840 13 2884 -27.3330 -62.3670
7.1156832259e-01 -2.2003077219e-01 -3.8789051390e+00
106 124 4
4 14 3476 89.1170 -34.7500 16 2942 84.9240 -39.9570 0 3032 99.4650 -23.4060 3 3803 119.1900 -79.3040
3.2201875141e-01 -1.9280750073e-01 -3.7819770809e+00
107 117 7
9 14 3472 40.7860 -32.0190 16 2950 45.2770 -44.8410 0 3047 61.0060 -30.3370 3 3801 69.3830 -76.2790 10 3742 71.6220 -34.7740 18 2759 44.3790 -46.5200 7 856 9.7930 -85.2230 8 3056 34.0590 -59.0740 1 1955 7.3780 -70.9800
-3.6238095858e-01 -1.5919996238e-01 -4.0029850774e+00
152 170 32
13 14 3466 -45.4280 -25.6040 16 3551 -42.6740 -54.7960 0 3061 -28.6870 -40.1700 3 3109 -17.1520 -62.4410 9 2948 -12.9510 -74.9010 18 2761 -41.5800 -46.9670 7 3040 -58.2220 -95.7280 8 3756 -53.5250 -81.6210 1 2920 -63.9300 -82.2060 5 2960 -19.5490 -43.2820 11 4023 -19.4550 -143.4830 12 2934 -3.4650 -33.2530 13 3562 3.5960 -75.1310
5.8261339395e-02 -5.5887302090e-01 -3.6428528831e+00
172 122 37
11 14 3542 6.6540 -82.9530 16 3009 26.5500 -96.6640 0 3100 43.7960 -84.1450 3 3850 33.5310 -126.1910 9 3013 49.3870 -121.7820 10 3779 27.3440 -80.9270 18 2830 15.3090 -98.2380 7 2193 -0.5490 -123.2030 8 3123 27.0020 -117.1560 1 2033 -2.3300 -110.5910 5 890 43.9740 -69.8330
5.4969809866e-01 -7.1486764782e-01 -3.9429490729e+00
123 87 10
9 14 3572 68.4520 -96.1700 16 3592 74.1490 -100.2630 0 3101 87.1630 -83.8200 3 3861 93.3030 -138.0390 9 3607 102.5380 -128.0220 10 3804 90.0950 -99.2760 18 3481 73.6990 -107.4260 7 2204 31.9620 -129.1450 1 2979 32.1870 -121.1860
-4.7311952571e-01 -7.3624862919e-01 -4.2798010614e+00
192 159 66
8 14 2077 -55.8500 -91.2280 16 3047 -49.7140 -122.9010 0 3140 -37.3600 -105.6810 3 2351 -30.0150 -122.1360 10 2121 -31.5160 -67.1090 18 2072 -49.5600 -112.3780 8 3186 -60.7010 -147.4720 11 3469 -24.3970 -207.1450
4.7743452427e-01 -1.0070493000e+00 -4.0724420152e+00
129 96 21
8 14 4080 58.0750 -129.3700 16 3062 66.1260 -133.7550 0 3150 78.4330 -115.2110 3 3897 81.0740 -167.2620 9 3644 94.3980 -161.3390 10 3842 75.1990 -126.8540 18 3543 64.2920 -140.6640 7 2275 26.4560 -156.7230
1.4216811355e-01 -1.1459321020e+00 -4.0310418494e+00
164 117 35
5 14 4100 17.9910 -147.2650 16 3673 34.3570 -159.2430 0 3193 47.5800 -141.4680 3 3920 39.0080 -182.6270 9 3674 58.3830 -184.6200
-5.2091603027e-02 1.3606297712e+00 -4.2812110715e+00
215 224 105
11 14 3767 -8.0800 157.1325 16 3323 -42.3710 121.5510 0 3424 -30.5690 144.7797 3 4101 29.6770 122.7370 9 3330 0.1490 96.8990 10 4517 55.9140 182.1671 18 3717 -16.0210 129.5480 2 4496 62.7950 135.7160 8 3478 -82.7520 112.7870 5 2682 -41.5120 98.7860 12 2632 -38.5810 118.4610
4.2364294501e-01 2.6850624062e-01 -3.7723412909e+00
114 87 12
8 14 3905 53.8250 28.4150 16 3464 47.5930 13.1720 0 3606 64.5140 28.5820 3 4244 86.3230 -17.2630 9 3470 78.6490 -12.5310 10 4212 95.6100 24.6740 18 3860 53.3810 11.5700 7 2937 9.3510 -40.5010
-4.9810199395e-01 1.9744128516e-01 -4.4501498042e+00
145 157 32
13 14 2716 -57.2150 18.2910 16 3504 -73.5410 -16.3580 0 3641 -62.6290 2.3650 3 3037 -27.4380 -12.3170 9 2872 -35.6270 -35.5960 10 2855 -17.0040 44.5050 18 2674 -57.5130 -5.6000 2 2838 -31.3190 15.7910 8 3711 -101.8660 -39.7770 5 3609 -60.1770 -16.8770 11 4493 -77.3810 -108.1350 12 3608 -52.4010 -6.5480 13 4041 -59.2930 -44.7110
-4.3875704221e-01 1.3513146026e-01 -4.3250657999e+00
146 157 26
13 14 3410 -51.8630 10.5650 16 2907 -63.3890 -21.9070 0 3647 -52.0110 -4.3640 3 4248 -22.3270 -21.5970 9 2881 -27.0900 -41.3690 10 4196 -13.3390 33.8470 18 2687 -51.1170 -12.1110 2 4149 -30.6790 3.3620 7 2077 -79.4050 -72.0890 8 4223 -87.8200 -45.9990 5 1984 -48.0970 -19.4860 11 4500 -61.9550 -112.3000 12 1976 -38.2740 -8.7390
7.0070639051e-01 -1.0288877148e-01 -3.9129554605e+00
124 149 21
9 14 3946 87.6940 -18.8110 16 3522 79.8180 -26.5070 0 3654 94.9390 -10.2470 3 4297 117.1760 -63.9520 9 3534 111.6610 -53.8950 10 4273 123.6460 -26.8190 18 3907 87.2990 -31.7270 2 4700 88.9090 -88.8420 7 3002 34.5040 -71.8300
5.6348205492e-01 -1.0465288010e-01 -3.8722904043e+00
103 126 2
9 14 3462 70.4870 -20.2320 16 2927 66.5030 -29.3980 0 3659 82.8610 -13.1050 9 2906 97.1990 -56.0980 10 3722 105.7860 -25.6530 18 2732 71.7820 -34.1350 2 4237 70.2930 -84.1270 8 3023 49.4080 -37.8380 11 3948 66.8430 -84.4390
4.6191760720e-01 -2.3913513884e-01 -3.7933687739e+00
103 115 11
11 14 3486 59.1900 -38.5120 16 3539 60.9850 -48.3250 0 3676 77.1860 -31.6030 3 3806 86.6450 -83.6860 9 3557 90.1760 -73.6190 10 4291 89.4780 -43.2450 18 3400 62.0080 -52.1020 2 3676 49.0040 -100.3670 7 3019 21.4440 -86.9390 8 3055 48.8430 -57.4100 11 2487 69.9580 -102.1880
1.1365734244e-01 -1.7701060765e-01 -3.7343812140e+00
100 115 1
9 14 3471 13.5010 -30.6240 16 3541 21.9390 -47.8630 0 3679 38.6860 -33.3090 3 3796 42.8350 -74.8310 9 3553 48.6690 -70.7770 18 3392 18.8380 -46.8310 2 3646 7.0590 -78.3740 7 2115 -6.8850 -86.4820 1 2907 -9.5360 -71.7750
2.9464334772e-01 -2.3878044533e-01 -3.7575503542e+00
92 118 0
9 14 3966 37.5240 -38.8080 16 3542 42.9260 -50.1120 0 3685 59.6890 -37.0490 3 4324 66.6330 -82.8400 9 4022 71.7020 -76.3120 10 4288 67.0040 -40.5870 18 3404 40.8720 -53.2830 2 4248 27.7430 -92.9440 8 3733 34.5440 -65.9480
1.3209432583e-01 -3.2055209739e-01 -3.7141662799e+00
115 135 8
8 14 3980 15.8160 -49.7300 16 4008 27.6450 -64.3390 0 3701 45.2350 -51.4720 3 4349 44.3330 -93.8030 18 3951 22.6310 -65.5090 8 4270 22.0860 -83.8400 1 2931 -3.3560 -85.8590 5 3663 39.5080 -45.0520
-6.0689934053e-01 -3.5903305230e-01 -4.1190494462e+00
180 131 29
11 14 3498 -74.3280 -49.6540 16 4024 -69.9690 -83.6160 0 3716 -56.3080 -68.5240 3 3805 -46.1130 -82.4430 9 4044 -39.9920 -100.8530 18 3431 -68.5320 -71.7500 7 3653 -80.1980 -120.4130 8 4298 -80.5200 -114.2970 1 3670 -87.5110 -108.2540 11 4063 -42.1230 -179.4130 13 4122 -18.7810 -111.6670
3.9205701828e-01 -7.8366370036e-01 -3.9439128606e+00
119 91 12
8 14 3584 48.3190 -105.0790 16 3606 58.2660 -112.0090 0 3749 71.5740 -95.2670 3 3870 73.0330 -145.4420 9 3619 85.2360 -138.5550 10 3809 68.5110 -104.1560 18 3506 54.3580 -117.3640 2 3730 22.7110 -150.2910
-5.6644078056e-01 -6.7166789078e-01 -4.3743004700e+00
144 106 17
14 14 3541 -65.3160 -82.0200 16 4068 -63.3570 -115.8820 0 3754 -51.3860 -98.6230 3 3830 -39.2020 -111.6260 9 3614 -32.6260 -133.0410 10 3764 -39.2200 -55.3930 18 3475 -60.0780 -104.0330 7 3703 -77.5510 -148.7290 8 4334 -77.0170 -142.7070 1 3717 -84.9210 -141.1280 5 3730 -43.2000 -98.4920 11 4088 -41.2910 -205.1920 12 4234 -29.5840 -92.5540 13 4496 -26.5480 -146.8830
4.9460950929e-01 -8.4772000253e-01 -4.0207348519e+00
107 90 8
10 14 4053 60.9370 -110.2820 16 4073 67.2630 -116.4000 0 3755 79.6660 -99.3010 3 4411 84.6310 -150.5550 9 4094 95.5610 -143.2360 10 4356 80.5080 -110.3290 18 4005 66.4410 -122.1070 2 4316 33.1960 -158.0010 7 3107 27.1090 -142.5020 1 3704 26.7610 -135.7970
-1.5299127120e-01 -7.7869239341e-01 -3.9871288379e+00
135 110 17
9 14 3583 -19.6700 -103.1510 16 3619 -5.0890 -124.2510 0 3769 9.0810 -108.8600 3 3217 5.8720 -139.7470 9 3631 20.2680 -145.7320 10 3077 0.6410 -90.0290 18 3516 -11.4980 -120.4030 8 3827 -9.8940 -144.4570 1 3715 -31.8470 -140.7150
-4.9350806660e-01 -7.8333495758e-01 -4.3453660445e+00
145 119 25
13 14 2874 -56.9660 -96.2710 16 3621 -52.4860 -127.4230 0 3771 -40.5960 -109.7170 3 3199 -32.0820 -125.5900 9 3630 -22.8090 -145.4490 18 3505 -51.3670 -116.8460 7 3722 -68.1630 -157.6040 8 4342 -64.5790 -151.6760 1 3733 -74.9560 -150.6740 5 3744 -33.0890 -107.1220 11 4099 -29.0380 -211.5060 12 3744 -18.9660 -101.0330 13 4173 -13.5390 -155.4340
-3.1126230941e-02 -8.0409771051e-01 -3.8878873629e+00
174 133 51
7 14 2898 -4.5690 -108.7990 16 3620 12.4640 -126.5240 0 3772 27.8460 -111.3790 3 2407 20.6290 -146.8400 9 3633 36.7960 -148.7810 18 2873 3.9960 -124.3210 8 3828 9.5340 -144.2850
6.4528311798e-01 -1.0568387191e+00 -4.1571535637e+00
154 125 49
11 14 4083 77.7760 -132.6610 16 4101 82.0250 -133.8210 0 3773 92.5850 -113.5890 3 4433 99.7340 -170.3750 9 4125 111.5980 -163.0220 10 4386 93.5840 -131.4100 18 4033 82.9840 -143.3750 2 3758 44.5420 -177.3990 7 3723 37.2890 -158.3290 1 4219 37.9130 -155.3860 5 3058 66.7500 -101.7380
-3.2744143244e-01 -8.4997078545e-01 -4.2238874614e+00
141 121 26
14 14 2891 -38.9490 -106.5870 16 3626 -29.8860 -133.0530 0 3774 -17.2510 -115.6890 3 3215 -14.1870 -138.4680 9 3636 -2.1090 -152.5590 10 3070 -17.6630 -85.7380 18 3522 -31.9800 -125.6630 7 3131 -48.9130 -160.4000 8 3842 -39.0650 -154.3070 1 3033 -54.5910 -153.1890 5 3072 -12.3540 -108.7080 11 4097 -3.5840 -210.1310 12 3745 3.2700 -101.6010 13 3659 11.8280 -153.7850
5.6730630291e-01 -1.0774779012e+00 -4.1690171066e+00
156 121 47
8 14 4487 67.0490 -134.2110 16 4112 72.6970 -138.3000 0 3778 84.8000 -118.4230 3 4437 90.6400 -171.8310 9 4130 102.8890 -165.9960 10 4385 83.5590 -131.8470 18 4360 73.0200 -145.7380 2 3757 36.9530 -176.5090
4.2385768690e-01 -1.0753563342e+00 -4.0447453166e+00
159 121 45
9 14 4092 52.0530 -139.4660 16 3641 61.1920 -145.5830 0 3785 74.7120 -124.6190 3 3911 74.2190 -176.5300 9 4133 91.0070 -171.7360 10 4390 67.3250 -133.6050 18 4043 58.9850 -151.2100 2 3756 17.1810 -175.3080 12 2159 73.4080 -93.9560
-4.1648770604e-01 -1.0203648750e+00 -4.3355517059e+00
177 157 67
6 14 3605 -48.6910 -122.7830 16 3659 -38.8430 -153.0700 0 3796 -27.1670 -134.2040 9 3662 -10.9690 -171.5050 18 3546 -40.6900 -143.4110 8 3856 -48.5520 -173.8400
-3.3910761292e-01 -1.0617085957e+00 -4.3042772230e+00
179 155 67
7 14 3612 -39.0910 -129.0750 16 3666 -29.0620 -156.1690 0 3801 -16.6840 -137.6910 3 3888 -15.8800 -159.1610 9 3666 -1.7550 -175.5500 10 3100 -21.2950 -104.1440 18 3553 -31.7020 -148.3780
9.0053215603e-02 -1.0814257629e+00 -3.9799396040e+00
168 112 35
13 14 4093 10.9430 -140.2140 16 4130 28.9400 -154.3590 0 3802 42.2130 -137.3720 3 3912 33.6520 -177.5020 9 4143 53.3680 -179.0560 10 4380 25.0480 -130.1690 18 3567 19.7240 -156.0610 2 4327 -22.9400 -164.6360 7 4281 0.6770 -173.1240 8 3849 23.3170 -167.3440 1 4231 -1.7860 -167.3370 5 3757 39.0980 -118.9040 12 3083 55.8520 -109.9770
-2.6121506382e-01 -1.0965557246e+00 -4.2569685639e+00
174 149 62
10 14 3617 -30.8250 -134.2380 16 3671 -18.2150 -159.0700 0 3804 -6.4050 -140.6290 3 3895 -7.5490 -165.2560 9 3669 8.6560 -179.5210 10 3115 -13.7230 -111.9220 18 3558 -22.4880 -152.8040 7 3170 -39.7880 -181.9540 8 3859 -26.0340 -176.8240 1 3768 -44.5520 -177.6220
-1.1566086872e-01 -1.1473894929e+00 -4.1308568985e+00
174 144 58
12 14 3627 -14.2000 -143.6290 16 3679 1.7790 -164.0420 0 3813 15.5960 -146.1700 3 3910 8.3980 -176.4830 9 3675 27.2150 -185.8610 10 3841 1.2170 -126.0290 18 3571 -4.9710 -160.7230 7 3777 -21.9660 -184.3640 8 4384 -2.6440 -179.0650 1 3772 -25.3110 -179.8510 12 3779 32.7910 -123.6030 13 4205 46.1930 -175.5710
3.4637777040e-01 7.4664801976e-01 -3.4945172887e+00
169 178 49
7 14 3832 46.1800 96.0410 16 3367 39.5730 75.4220 0 4056 59.5460 89.5030 3 4626 82.3970 46.3120 9 3872 69.9030 49.5140 10 4586 96.9580 91.3030 18 3782 44.6810 76.8200
-1.7401874931e-01 8.3505345949e-01 -4.1557092229e+00
229 241 101
13 14 3274 -21.7650 95.5130 16 3874 -43.4020 64.2880 0 4065 -30.5910 83.6340 3 3587 12.2580 59.8130 9 3395 -5.5130 41.4570 10 3515 29.3930 114.9640 18 3226 -26.0300 71.7330 2 3415 22.3480 72.5020 7 3513 -64.2610 -3.5790 8 4580 -74.4490 46.8930 11 4397 -56.2630 -20.5450 12 3470 -26.6280 69.4850 13 3920 -31.8310 46.9390
-2.1407616370e-01 5.8794701021e-01 -4.2218310601e+00
186 197 67
13 14 3861 -26.9570 64.5440 16 3901 -43.9370 34.0070 0 4097 -32.2870 53.1460 3 4204 6.2770 29.6220 9 3911 -7.7320 12.3030 18 3821 -29.1700 41.8770 7 3541 -65.1790 -26.8590 8 4150 -73.0420 15.5770 1 3521 -69.5940 -13.6290 5 3531 -35.1900 27.9660 11 3887 -53.6420 -50.7530 12 3526 -26.6770 42.8540 13 3964 -32.3870 15.5020
-1.1970137599e-01 5.4047364892e-01 -4.1927478561e+00
197 210 79
10 14 3874 -15.6160 58.8540 16 3907 -32.5610 30.5210 0 4098 -19.9470 49.1640 9 3916 4.0260 8.0920 18 3831 -17.4760 36.0640 7 2911 -55.4770 -28.7880 1 3526 -59.4330 -16.4930 5 3536 -25.3230 25.6280 12 3529 -17.0160 40.8770 13 3967 -20.3050 14.3020
-1.6981489461e-01 5.2423222113e-01 -4.2573224102e+00
151 162 32
14 14 3875 -21.5340 57.1290 16 3911 -38.9570 27.6850 0 4104 -26.6740 46.3680 3 3654 11.0710 22.9580 9 3922 -2.3480 4.9440 10 3579 25.1670 75.9470 18 3832 -23.4590 34.3700 7 4088 -61.4470 -32.9130 8 4162 -67.4460 9.5560 1 4053 -65.7230 -19.8930 5 4087 -32.0870 21.9660 11 4440 -47.8250 -55.2290 12 4104 -24.8530 35.7940 13 4399 -28.9860 8.0540
-5.3597456777e-01 5.5401164315e-01 -4.6008670208e+00
207 224 111
9 14 2640 -59.5700 56.7290 16 3449 -86.1530 21.0150 0 4105 -77.7130 42.9490 3 2963 -28.9290 28.0470 9 3449 -44.5010 1.0150 10 3558 -13.2850 87.4320 18 3287 -63.3130 32.0040 7 2934 -101.3120 -39.1950 1 3545 -107.4000 -28.7440
6.9960393169e-01 4.8140782607e-03 -4.0338261457e+00
88 107 0
10 14 3934 85.8340 -5.1230 16 3946 72.0460 -14.4120 0 4141 86.2750 3.2910 3 4283 115.7450 -48.0840 9 3976 106.2860 -41.3050 10 4257 124.9860 -10.1930 18 3896 83.7490 -18.9350 2 4694 94.5100 -71.4410 7 3593 26.4170 -62.5040 1 3581 25.9610 -52.3100
-4.5794876712e-01 8.6120768393e-02 -4.2477116775e+00
103 110 0
8 14 3927 -55.1740 4.9620 16 3961 -63.2020 -27.8090 0 4157 -51.0430 -10.9160 3 4262 -25.2260 -28.0680 9 3983 -28.7840 -47.4200 10 4209 -17.7040 27.4680 18 3895 -53.7150 -17.8700 2 4158 -36.7930 -3.1940
7.2182461649e-01 -1.7291744862e-01 -3.8937149712e+00
97 121 0
7 14 4397 90.5050 -28.5210 16 3975 84.0190 -34.2330 0 4166 99.3910 -17.5260 3 4728 120.5990 -73.6540 9 4002 115.4050 -61.4840 10 4700 124.8770 -36.6020 18 4284 91.5560 -40.8090
5.6521370409e-01 -1.6326467490e-01 -3.8724641474e+00
117 142 17
11 14 3954 71.2040 -27.4010 16 3977 68.0630 -35.7510 0 4168 82.5610 -19.7390 3 4727 100.1430 -72.1040 9 4004 98.2620 -62.5210 10 4697 104.2400 -33.3530 18 3916 72.5260 -40.9670 2 4701 68.2650 -92.1370 7 3619 26.0740 -78.8410 8 4222 50.9820 -44.2430 1 3605 25.3480 -66.7330
-2.4101676881e-01 -3.8743374914e-02 -3.9764228610e+00
158 174 32
6 14 3450 -31.4820 -11.1350 16 3986 -30.0100 -38.2300 0 4169 -15.3800 -22.5000 9 3540 0.3500 -58.8670 18 3377 -27.5550 -31.4010 7 4163 -48.5520 -82.2400
3.6224060685e-01 -1.5892749490e-01 -3.8021529648e+00
85 88 1
11 14 3953 45.7230 -27.5430 16 3532 48.1730 -39.8550 0 4171 63.5660 -25.0620 3 4308 74.7360 -71.8130 9 4008 76.6490 -65.2030 10 4279 77.6970 -30.0940 18 3920 48.7040 -41.8530 2 4238 41.5820 -85.4180 7 3010 11.5370 -80.8940 8 4234 35.5870 -53.4290 1 2898 10.1450 -67.3930
-5.0634845155e-01 -6.5403490349e-02 -4.1598626563e+00
159 176 35
15 14 3452 -61.6970 -13.4010 16 3998 -65.0800 -46.3050 0 4181 -51.5220 -30.7140 3 4282 -32.5170 -47.6540 9 4007 -31.9270 -65.0780 10 3684 -27.6210 8.2220 18 3912 -57.9440 -35.9730 2 3552 -50.8330 -21.1610 7 3630 -77.5000 -90.4110 8 4264 -81.0560 -74.3880 1 3624 -84.0380 -77.2510 5 3651 -41.7880 -38.3130 11 4531 -47.9050 -140.2760 12 4164 -28.3770 -28.8760 13 4079 -25.9700 -71.9890
3.8679005703e-01 -2.6365599529e-01 -3.7811030500e+00
112 122 9
14 14 3970 49.2650 -41.6950 16 4002 53.7310 -51.9930 0 4184 69.4130 -37.3750 3 4330 77.4250 -86.0650 9 4024 81.6890 -77.9510 10 4708 78.2510 -45.4660 18 3939 53.1730 -55.6240 2 4259 39.2550 -99.8690 7 3631 16.5860 -90.2230 8 4251 42.7070 -64.3070 1 3625 15.5030 -77.7660 5 3643 53.7250 -34.8990 11 3975 65.7090 -111.8010 13 2853 80.5410 -51.3530
4.0788228546e-01 -3.2561968031e-01 -3.7944089044e+00
92 94 0
11 14 3981 51.8810 -49.2070 16 4006 57.1950 -58.6860 0 4189 72.3330 -44.4870 3 4350 79.4920 -93.5690 9 4029 84.8860 -84.6560 10 4300 80.0920 -53.1370 18 3947 55.5140 -62.8640 2 4267 39.9990 -107.1770 7 3043 18.7170 -95.9090 8 4261 46.3970 -70.3410 1 2922 17.6930 -83.4220
-5.3099345890e-01 -3.8717634874e-01 -4.0631522448e+00
178 133 32
11 14 3502 -66.0410 -53.7910 16 4028 -59.1400 -85.6650 0 4207 -45.8080 -70.9520 3 3810 -38.4350 -87.4150 9 4048 -30.2730 -103.6630 18 3964 -59.0300 -75.3060 8 4302 -68.7200 -115.1770 1 4154 -77.3620 -108.8230 5 4183 -30.6590 -69.7350 12 4206 -14.3900 -61.7890 13 4476 -6.9350 -110.7730
-4.6394914906e-01 -4.0916301046e-01 -3.9931653965e+00
181 132 35
7 14 3990 -58.2410 -57.7100 16 4031 -49.8360 -87.5530 0 4208 -34.6840 -73.3830 9 4052 -21.5990 -106.2880 18 3967 -52.0180 -78.0040 8 4304 -56.6430 -116.2910 11 4566 -16.8240 -177.6230
-3.8920771878e-01 -4.3837514898e-01 -3.9493842984e+00
177 127 30
11 14 3994 -49.6610 -61.8060 16 4032 -39.1800 -89.6780 0 4212 -24.2720 -75.4110 3 3816 -22.1480 -97.5420 9 4054 -11.5340 -108.9280 18 3968 -42.9690 -81.3890 7 4212 -53.2880 -123.1380 8 4306 -44.5490 -117.1000 1 4156 -59.5130 -110.3290 12 4207 5.9140 -61.9840 13 4474 17.1070 -109.1060
-1.7592303405e-01 -5.1828302706e-01 -3.7870910065e+00
177 131 37
12 14 4011 -24.2670 -74.7010 16 4044 -6.7010 -96.3120 0 4221 8.9810 -83.1300 3 4367 3.4450 -114.1900 9 4064 16.1280 -117.3490 10 4311 -0.5850 -64.6480 18 3981 -16.3340 -91.8290 2 3675 -40.3360 -101.0050 8 4308 -7.6920 -120.4220 1 4161 -31.4820 -112.8400 11 4558 28.8420 -174.5870 13 4118 51.9950 -107.3480
7.8566659587e-01 -8.4042531213e-01 -4.1372302054e+00
161 139 63
7 14 4452 95.0010 -107.1860 16 4432 92.8480 -106.9960 0 4228 103.9890 -87.9400 9 4431 124.1800 -136.2850 7 3674 44.8430 -135.5950 8 3783 72.8390 -105.7680 1 4182 45.7150 -130.9270
7.9147598336e-01 -8.4567596350e-01 -4.1429835150e+00
161 139 63
8 14 4453 95.0010 -107.1860 16 4433 92.8480 -106.9960 0 4229 103.9890 -87.9400 3 4781 119.3560 -148.1740 10 4754 117.4390 -112.7240 7 3675 44.8430 -135.5950 8 3784 72.8390 -105.7680 1 4183 45.7150 -130.9270
-3.3186668613e-01 -6.8736029127e-01 -4.1311944319e+00
174 134 46
5 14 3554 -40.5940 -89.6290 16 4069 -31.6250 -115.1610 0 4239 -17.9300 -99.4170 9 4086 -3.5320 -135.2770 18 3486 -33.7650 -108.5730
-2.5627664954e-01 -6.8688970075e-01 -4.0324491234e+00
151 110 22
12 14 4028 -31.9760 -90.8200 16 4070 -20.2090 -115.2880 0 4240 -5.9590 -99.8780 9 4087 6.4560 -135.4000 18 3997 -24.8740 -108.9460 7 3694 -39.6530 -144.0430 8 4324 -26.2200 -137.9180 1 4190 -44.7560 -133.9880 5 4208 -0.3960 -91.6180 11 4578 10.4970 -193.4010 12 4227 16.8230 -82.9860 13 4491 28.2910 -131.8280
7.0233841292e-01 -9.6365094348e-01 -4.1339731647e+00
170 154 74
8 14 4474 82.6550 -120.5510 16 4081 86.6220 -122.6860 0 4245 97.8330 -103.3840 3 4797 108.6090 -161.1600 9 4107 117.1560 -151.6500 18 4350 90.0040 -132.3710 7 3704 41.1300 -148.7700 1 3723 42.4250 -145.0110
-3.6067507065e-01 -7.9226813551e-01 -4.2375618781e+00
192 161 70
10 14 3575 -42.8620 -98.9740 16 4086 -35.2320 -127.0120 0 4256 -22.8530 -110.5430 9 4098 -6.5840 -145.8270 18 3510 -35.7630 -118.6680 7 3718 -53.3340 -155.6290 1 3727 -58.8370 -147.7250 5 3740 -17.0760 -104.7340 12 3737 -1.7770 -97.7370 13 3654 6.3420 -149.8930
5.8863593326e-01 -9.9287586696e-01 -4.1436153272e+00
94 72 3
8 14 4694 70.4090 -124.8880 16 4452 74.3860 -128.9220 0 4257 85.5870 -110.1920 9 4624 104.4630 -156.5160 10 4761 90.0260 -123.8900 18 4540 75.6540 -136.1150 7 4255 32.9240 -153.2230 1 4518 33.2010 -148.7320
-1.7952813293e-01 -8.2601537603e-01 -4.0303782830e+00
200 179 88
12 14 4050 -22.4970 -108.2140 16 4095 -8.4350 -130.0240 0 4263 5.2020 -113.8340 3 3867 1.7600 -142.6860 9 4106 17.2540 -151.2010 10 3795 -3.1190 -92.4850 18 4010 -14.4450 -125.6980 7 3719 -29.5230 -155.7780 8 4339 -13.5520 -149.7710 1 4206 -33.8760 -146.9630 5 4223 8.8380 -102.9330 12 4237 26.2960 -94.1860
-6.4600156503e-02 -8.3854986130e-01 -3.9487320585e+00
134 95 12
11 14 4055 -8.6730 -111.2500 16 4096 8.2150 -130.5250 0 4265 22.5400 -114.9460 3 4405 16.0940 -147.8350 9 4111 32.5100 -152.5000 10 3803 9.4950 -98.5060 18 3526 -0.1740 -127.5040 2 3030 -34.6170 -133.0490 7 4258 -16.3300 -155.0810 1 4207 -20.1620 -146.0230 5 4224 23.6680 -102.1010
-3.0256658975e-01 -8.9178199282e-01 -4.1900657759e+00
224 200 108
14 14 4058 -36.4140 -112.5730 16 4111 -25.5010 -138.1030 0 4273 -12.5110 -120.5890 3 4400 -11.8320 -144.3770 9 4117 1.6320 -157.9170 10 4336 -16.0480 -91.6890 18 4017 -28.8060 -131.1540 2 4274 -54.6600 -117.3660 7 3735 -44.6170 -163.9300 8 4752 -33.4680 -158.5210 1 4223 -49.8270 -156.5400 5 4242 -7.8490 -112.3400 11 4960 2.7980 -212.7930 12 4256 8.2840 -105.0210
1.8228204982e-01 -9.7052240134e-01 -3.9666661822e+00
117 77 2
10 14 4076 22.3120 -127.3500 16 4115 37.5200 -139.2150 0 4275 51.2840 -121.8670 3 4429 45.8120 -165.6050 9 4126 62.5650 -164.1640 10 4758 38.6190 -120.5050 18 4028 30.5160 -141.5930 2 4747 -9.1100 -159.2620 7 3727 5.8760 -160.8410 1 3737 4.1000 -153.5570
1.8177169046e-01 -9.7037234264e-01 -3.9660639393e+00
117 77 2
10 14 4077 22.3120 -127.3500 16 4116 37.5200 -139.2150 0 4276 51.2840 -121.8670 3 4430 45.8120 -165.6050 9 4127 62.5650 -164.1640 10 4759 38.6190 -120.5050 18 4029 30.5160 -141.5930 7 3728 5.8760 -160.8410 8 4341 31.0610 -150.4160 1 3738 4.1000 -153.5570
-2.8480671799e-01 -1.0255769682e+00 -4.2493351045e+00
193 159 72
13 14 4074 -33.3390 -125.3940 16 4126 -22.1550 -151.8130 0 4290 -10.0550 -133.5060 3 3883 -9.5790 -157.0330 9 4132 4.5610 -171.5220 10 3808 -15.0070 -103.7910 18 4034 -26.0050 -144.6160 7 3760 -42.9330 -175.9840 8 4365 -29.7910 -170.9640 1 4233 -48.1760 -170.8500 5 3769 -6.4430 -124.7060 12 3766 9.6850 -117.9060 13 4196 19.6870 -171.9910
2.2632442149e-01 -1.1309541830e+00 -4.0565383810e+00
165 118 43
10 14 4494 27.3730 -143.7910 16 4131 41.9200 -155.3040 0 4293 54.8080 -136.2290 3 4451 50.2600 -180.8890 9 4147 68.1620 -180.0570 10 4393 41.6630 -136.0190 2 4336 -8.1350 -172.5020 7 3755 9.9110 -174.2160 1 4232 7.6510 -169.8490 5 3100 44.5490 -120.7420
-1.3659128810e-01 -1.0794198806e+00 -4.1450562662e+00
197 159 76
13 14 4088 -17.0180 -135.1140 16 4133 -2.0620 -156.2330 0 4296 11.1740 -138.2490 3 3899 6.7220 -168.3750 9 4141 23.8930 -178.0170 10 3822 -0.1660 -117.9000 18 4045 -7.6030 -152.9030 7 3764 -25.2320 -178.2660 8 4367 -8.4340 -172.3900 1 4235 -29.5870 -172.8570 5 4256 11.6240 -125.4320 12 4274 28.4760 -117.6230 13 4193 41.2610 -169.0430
2.8764046952e-01 -1.1779361968e+00 -4.0735783563e+00
133 96 20
7 14 4496 34.6720 -150.0250 16 4134 49.8980 -158.2550 0 4297 61.2820 -139.5440 9 4155 75.3020 -184.6030 18 4057 43.6090 -162.6170 2 4340 -2.3420 -178.8820 8 3847 39.9780 -164.0290
-1.8588572438e-01 -1.1228252441e+00 -4.1872012667e+00
172 144 57
11 14 4090 -22.6220 -138.9520 16 4140 -7.9900 -161.6230 0 4302 5.2680 -143.6230 3 4436 0.7370 -171.4000 9 4149 17.7940 -182.8010 10 3826 -6.0590 -119.5600 18 4050 -13.3490 -157.0210 7 3775 -30.0530 -183.4180 8 4383 -13.5730 -178.0640 1 4240 -34.6810 -178.6840 12 3778 23.3120 -123.5730
1.6059582808e+00 6.2504071045e+00 -1.8850857322e+01
129 116 11
10 14 3739 54.1310 205.4118 16 3798 -99.1460 161.0295 0 4418 -118.3470 219.7288 3 4504 86.4600 221.0687 9 3795 -12.2310 137.3480 18 3696 14.6710 171.8589 7 4001 -169.7380 69.8550 8 4800 -255.3362 214.5016 1 2713 -175.2280 31.4510 5 3992 -250.1263 123.4170
1.6059582808e+00 6.2504071045e+00 -1.8850857322e+01
129 116 11
10 14 3740 54.1310 205.4118 16 3799 -99.1460 161.0295 0 4419 -118.3470 219.7288 3 4505 86.4600 221.0687 9 3796 -12.2310 137.3480 18 3697 14.6710 171.8589 7 4002 -169.7380 69.8550 8 4801 -255.3362 214.5016 1 2714 -175.2280 31.4510 5 3993 -250.1263 123.4170
5.0368460762e-01 1.3456913522e+00 -4.5102550347e+00
213 221 118
12 14 4563 55.6370 149.8358 16 3823 11.4960 119.9140 0 4449 22.6340 146.7583 3 4863 93.3870 115.6680 9 3817 55.9960 94.4290 10 4870 124.7560 167.9719 18 4428 43.5040 125.2740 7 3458 -27.5160 38.8060 5 4008 -10.2730 96.5380 11 4295 -38.7410 59.8320 12 3396 -11.1110 115.5760 13 3857 -26.8860 106.6430
3.9611448960e-01 1.3045536650e+00 -4.5159905294e+00
104 115 2
10 14 4247 43.8960 144.3139 16 4247 0.4880 115.1070 0 4452 11.5090 141.1050 3 4571 80.6070 110.6500 9 4243 44.7390 89.6360 10 4873 110.9660 163.2362 18 4151 32.5260 119.7100 2 4871 117.1980 109.6510 7 4027 -35.9800 35.2130 8 4835 -44.9970 113.8840
3.0049735775e-01 6.7155175169e-01 -3.4466814219e+00
202 212 87
8 14 4289 39.5460 86.3740 16 4295 37.6780 65.7550 0 4500 58.4240 79.0130 3 4634 76.1930 35.8730 9 4287 66.1920 40.5110 10 4919 88.7600 81.1890 18 4199 39.5590 67.1460 2 4916 65.3350 13.3120
-4.9483153860e-01 5.1221197550e-01 -4.5894615249e+00
123 138 12
8 14 3335 -55.7770 53.0520 16 4337 -80.4780 16.9790 0 4536 -71.2260 37.6530 3 3649 -24.4670 24.6400 9 3930 -39.6340 -2.9930 10 3568 -9.5300 82.8030 18 3294 -58.8410 27.8760 7 4100 -96.2420 -43.1430
-2.2006779121e-01 3.0657874791e-01 -4.3960949512e+00
160 175 48
14 14 4344 -26.1830 30.8370 16 4347 -43.7990 0.6240 0 4540 -32.5910 20.0370 3 4663 4.5510 -1.7540 9 4344 -6.4680 -20.4120 10 4628 16.7210 51.6720 18 4244 -27.7990 8.3340 7 4122 -65.2360 -54.4810 8 4904 -72.6430 -17.1300 1 4081 -70.0540 -43.8750 5 4114 -37.7370 -0.9860 11 5094 -52.7230 -80.9020 12 4543 -30.3790 11.6210 13 4426 -36.2560 -20.5800
-2.2018867274e-01 3.0657977729e-01 -4.3969807744e+00
160 175 48
14 14 4345 -26.1830 30.8370 16 4348 -43.7990 0.6240 0 4541 -32.5910 20.0370 3 4664 4.5510 -1.7540 9 4345 -6.4680 -20.4120 10 4629 16.7210 51.6720 18 4245 -27.7990 8.3340 2 4612 2.3780 15.8810 7 4123 -65.2360 -54.4810 8 4905 -72.6430 -17.1300 1 4082 -70.0540 -43.8750 5 4115 -37.7370 -0.9860 11 5096 -52.7230 -80.9020 12 4544 -30.3790 11.6210
7.9124497145e-01 1.1442477377e-01 -4.1139925791e+00
115 131 21
6 14 4365 95.5930 8.8650 16 3932 76.6520 -0.8740 0 4542 89.6380 18.0520 9 3950 112.2170 -27.8250 18 4258 91.9790 -5.6170 7 3580 29.1310 -52.8010
4.1539173810e-01 -2.0513658713e-01 -3.7957593511e+00
89 87 0
10 14 3961 53.0420 -34.0310 16 3994 55.2070 -43.9410 0 4577 69.8960 -29.3340 3 4320 81.6030 -78.0670 9 4012 84.0330 -70.0110 10 4701 83.7300 -37.7860 18 3929 56.0040 -47.6950 2 4702 45.7230 -93.2250 7 3625 17.2880 -84.0330 1 3612 16.5940 -71.1550
6.3952759434e-01 -2.5777200128e-01 -3.8460059433e+00
99 112 0
8 14 4404 81.3210 -40.0890 16 4382 78.9450 -45.9260 0 4578 94.7330 -29.5350 3 4738 109.4010 -84.9260 9 4381 109.3460 -73.0910 10 4710 112.4330 -47.4240 18 4292 82.8360 -52.1650 2 4717 73.0090 -107.5560
5.1247679191e-01 -2.9043467957e-01 -3.8417605357e+00
77 92 0
13 14 4407 64.6160 -43.6370 16 4389 66.2190 -51.9970 0 4582 81.4240 -36.9250 3 4739 93.0600 -87.8780 9 4386 95.1280 -78.4360 10 4711 94.7150 -48.8260 18 4294 67.6970 -56.7110 2 4715 55.3990 -105.4260 7 3633 24.6790 -91.0400 8 4249 52.7500 -62.0100 1 4123 23.9730 -79.2150 5 3647 59.1390 -36.5800 12 3632 73.1400 -22.2470
-5.0208495794e-01 -1.2776099753e-01 -4.1397480143e+00
100 110 0
10 14 4391 -61.7230 -21.3950 16 4392 -62.5640 -53.6050 0 4585 -49.3750 -38.1530 3 4709 -32.5780 -55.1430 9 4380 -30.6500 -72.4780 10 4675 -28.7650 0.2510 18 4290 -57.8090 -43.4220 2 4656 -52.6580 -28.9990 8 4681 -77.4070 -81.7040 11 4900 -43.6210 -146.8710
-2.1391751844e-01 -1.9848906736e-01 -3.8593625166e+00
152 162 35
15 14 3959 -28.6690 -32.7130 16 4395 -20.4280 -57.0300 0 4590 -4.6520 -43.2630 3 4307 0.3780 -71.8680 9 4385 7.2820 -78.2100 10 4268 0.8170 -21.0360 18 3935 -22.6630 -51.4610 2 3609 -31.3510 -58.6970 7 4180 -39.4830 -95.9920 8 4682 -28.1200 -82.0710 1 4466 -43.9050 -81.3320 5 4158 1.4960 -42.4190 11 4894 5.8630 -140.6640 12 4578 19.0440 -31.0920 13 4452 29.8410 -71.2910
-3.2300322417e-01 -2.1398836932e-01 -3.9689281621e+00
121 129 1
