# Bundle file v0.3
20 1548
6.1461915013e+02 -5.1349808388e-02 7.6560794823e-02
-1.1280908538e-01 -5.5008748456e-01 8.2745263888e-01
6.4590909707e-01 5.9220902573e-01 4.8175710494e-01
-7.5503347514e-01 5.8880576523e-01 2.8849995191e-01
8.2792512729e+00 4.5068868465e+00 -1.3570128397e-01
6.3177546399e+02 -4.7226778687e-02 -3.1754997480e-02
9.9883085529e-01 6.1549415217e-03 -4.7948297223e-02
-9.0266999937e-03 9.9816305715e-01 -5.9908513873e-02
4.7491485541e-02 6.0271287045e-02 9.9705161890e-01
-2.4926529221e-01 -7.8655220558e-01 6.6929941534e+00
0 0 0
0 0 0
0 0 0
0 0 0
0 0 0
6.1716737339e+02 -3.1409521305e-02 9.1723680737e-03
2.7401341864e-01 -5.2837030992e-01 8.0358040170e-01
6.2551102206e-01 7.3259532741e-01 2.6840277113e-01
-7.3051530285e-01 4.2910243749e-01 5.3124240272e-01
7.8950833272e+00 2.4052310359e+00 2.0966388494e+00
6.2750920517e+02 -3.6426691352e-02 -2.5438605897e-02
9.9752290721e-01 -6.9152439160e-02 1.2883700830e-02
6.8028949231e-02 9.9498304949e-01 7.3353890770e-02
-1.7891664409e-02 -7.2295721746e-02 9.9722275193e-01
1.7374285955e-01 5.6015585704e-01 6.8216230858e+00
6.1941745624e+02 -3.5219651761e-02 -1.3236983435e-03
7.5564707295e-01 -3.5338935617e-01 5.5146483486e-01
3.2869543450e-01 9.3286254744e-01 1.4740006420e-01
-5.6653050446e-01 6.9881546445e-02 8.2107232141e-01
5.5405768226e+00 1.4055336564e+00 4.8996030283e+00
6.3018034846e+02 -4.7705984772e-02 5.5179089347e-02
9.6266059264e-01 -1.5707766006e-01 2.2047945956e-01
1.8905651739e-01 9.7302038412e-01 -1.3224585184e-01
-1.9375813947e-01 1.6899094889e-01 9.6638493499e-01
2.6092059102e+00 -1.4087905116e+00 6.4590994956e+00
0 0 0
0 0 0
0 0 0
0 0 0
0 0 0
6.2034662242e+02 4.1270852434e-03 -5.8592358567e-02
9.0916713341e-01 -2.6383258062e-01 3.2219170215e-01
2.3518050666e-01 9.6380342678e-01 1.2559093841e-01
-3.4366444800e-01 -3.8409945706e-02 9.3830667868e-01
3.4600234796e+00 1.0922747314e+00 6.0342153975e+00
6.0614688781e+02 -2.9077948633e-02 1.5492252000e-02
2.5169913665e-01 -4.0317883256e-01 8.7982633149e-01
2.9944809814e-01 8.9692720319e-01 3.2534970216e-01
-9.2031428389e-01 1.8157208251e-01 3.4648693730e-01
8.9795301773e+00 2.9655797043e+00 6.7955254318e-01
6.1778387736e+02 -4.7945202466e-02 6.9380342247e-02
4.2754259345e-02 -5.7100743674e-01 8.1983082431e-01
6.1050393071e-01 6.6448897139e-01 4.3097489194e-01
-7.9085840951e-01 4.8208392846e-01 3.7701201841e-01
8.3086300160e+00 3.7915894966e+00 6.5792320035e-01
6.0545634129e+02 -5.5163725426e-02 1.4720038969e-01
4.0535479114e-01 -3.3553283893e-01 8.5035592977e-01
3.1387421774e-01 9.2474035796e-01 2.1526320120e-01
-8.5858631991e-01 1.7964683230e-01 4.8016304200e-01
8.7248687517e+00 2.0227634289e+00 1.8793634435e+00
0 0 0
0 0 0
0 0 0
0 0 0
0 0 0
6.2353411712e+02 -3.9253786138e-02 4.8554158046e-02
9.7810301680e-01 -1.5813712317e-01 1.3530387577e-01
1.4804860793e-01 9.8560035625e-01 8.1691783192e-02
-1.4627405174e-01 -5.9871429133e-02 9.8743066276e-01
1.3458361068e+00 6.4755516062e-01 6.5978296896e+00
5.8400877866e+02 -8.6726317206e-03 7.1041828749e-02
-8.0062741721e-02 -4.1333149011e-01 9.0705404286e-01
3.1686483268e-01 8.5222057523e-01 4.1631330624e-01
-9.4508551740e-01 3.2074471224e-01 6.2739097652e-02
9.0929085855e+00 3.7719408024e+00 -2.0959440006e+00
6.2257131298e+02 -2.3978244620e-02 -3.5264865477e-02
6.8093599007e-01 -3.5509678697e-01 6.4049391044e-01
3.5316341300e-01 9.2538987842e-01 1.3758334435e-01
-6.4156198543e-01 1.3251356461e-01 7.5553846629e-01
6.5762912555e+00 1.3075594957e+00 4.2653135362e+00
6.1701619522e+02 -1.4879495075e-02 -5.8502221566e-02
5.7556306760e-01 -4.1652151343e-01 7.0373076106e-01
2.9038451959e-01 9.0857896860e-01 3.0026836098e-01
-7.6446320120e-01 3.1529140024e-02 6.4389589790e-01
6.9449720463e+00 2.7741770410e+00 3.4949843617e+00
6.2127013600e+02 -2.9632322428e-02 1.6664880830e-02
8.3871628136e-01 -3.0064461487e-01 4.5405706131e-01
2.7226088097e-01 9.5360458107e-01 1.2850025546e-01
-4.7162380355e-01 1.5846719112e-02 8.8165745583e-01
4.6855716700e+00 1.1618599598e+00 5.4940902001e+00
6.2357241370e+02 -4.0622766326e-02 1.0588638357e-02
9.2765203026e-01 -2.2077666406e-01 3.0119657261e-01
1.9708308958e-01 9.7449615885e-01 1.0731026133e-01
-3.1720650459e-01 -4.0185830694e-02 9.4750468730e-01
2.9488075732e+00 9.0427976930e-01 6.2236201531e+00
6.1746322004e+02 -1.9393458834e-02 -4.3228304908e-02
5.6945636906e-01 -4.4970336336e-01 6.8810342880e-01
5.0823049574e-01 8.5053314559e-01 1.3525949672e-01
-6.4608142439e-01 2.7269076485e-01 7.1289448015e-01
6.8426671436e+00 1.1303117545e+00 3.8807394381e+00
-2.1888207100e-01 8.4421631417e-01 -8.9716799506e+00
191 128 0
4 1 220 -9.0600 169.4142 4 131 -62.6070 208.1202 13 156 -58.9410 194.6927 18 1791 -39.5550 199.7604
-2.9051655686e-01 8.1747368462e-01 -8.9745528417e+00
168 104 10
3 1 244 -29.5560 161.5043 4 172 -82.3520 199.1125 13 192 -77.2770 185.3525
-2.9041858822e-01 7.7430603645e-01 -8.9656085969e+00
134 88 0
8 1 289 -30.1630 148.9600 4 223 -82.4230 186.9253 18 1844 -53.8390 179.4778 6 2122 72.5060 148.4805 8 239 27.5930 173.2213 17 1788 37.8070 183.9413 15 1582 101.2260 194.0674 16 1582 43.8360 211.7380
-3.0122774855e-01 7.5825721113e-01 -8.9769567506e+00
123 77 0
5 1 303 -32.2840 144.9494 4 246 -84.7190 181.9092 13 233 -78.1440 168.5192 18 1862 -56.0470 174.4263 8 258 25.0180 167.5104
-3.6279615192e-01 5.1798570229e-01 -9.0710184004e+00
82 52 0
2 1 562 -46.9950 74.8550 4 495 -94.5220 107.0560
-1.4878831136e+00 6.3618847337e-01 -1.1783789413e+01
193 171 30
2 1 578 -144.4260 70.2760 4 790 -190.2360 28.7520
1.7277829382e+00 2.4347520830e-01 -1.1811745845e+01
206 181 60
2 1 789 256.4560 18.6790 4 895 215.8490 6.6700
-1.5369749077e+00 3.6872162944e-02 -1.0516191072e+01
207 187 57
4 1 891 -208.2770 -17.2940 4 1098 -255.8249 -47.5790 6 2567 -220.3960 -50.8020 8 1217 -250.4061 -103.5480
-1.5369749077e+00 3.6872162944e-02 -1.0516191072e+01
207 187 57
4 1 892 -208.2770 -17.2940 4 1099 -255.8249 -47.5790 6 2568 -220.3960 -50.8020 8 1218 -250.4061 -103.5480
1.0970051666e+00 -3.8704840200e-02 -1.1068662528e+01
226 213 110
2 1 933 201.4380 -25.1590 4 1043 166.8720 -31.8800
1.2282575097e+00 -5.9280981821e-02 -1.1058429496e+01
201 189 70
3 1 950 221.2340 -28.8540 4 1046 186.9650 -33.5770 13 2169 146.1690 -17.9520
-1.3986530766e+00 -3.5622307361e-02 -1.0423002846e+01
233 214 83
3 1 960 -191.8710 -31.1330 4 1138 -237.3866 -58.4390 13 1093 -253.8721 -79.5720
-1.3107560744e+00 -8.4130241969e-02 -1.0374577279e+01
218 210 83
2 1 996 -179.0260 -40.0840 4 1175 -225.7865 -66.7850
-1.4742646916e+00 -1.1487843061e-01 -1.0243160184e+01
238 210 84
2 1 1029 -214.7490 -47.8530 4 1196 -263.5258 -75.2370
9.6472784892e-01 -1.6191323925e-01 -1.0751804838e+01
219 225 139
2 1 1035 193.4530 -49.2450 4 1116 161.6910 -51.9080
4.9072011245e-01 -1.7264203330e-01 -9.8819205082e+00
28 36 20
3 1 1139 142.7150 -74.1240 4 2404 113.1990 -61.9430 13 1013 100.1000 -50.6750
4.9072011245e-01 -1.7264203330e-01 -9.8819205082e+00
28 36 20
3 1 1140 142.7150 -74.1240 4 2405 113.1990 -61.9430 13 1014 100.1000 -50.6750
-5.1053891413e-02 7.9917768839e-01 -8.9788641591e+00
64 73 17
2 1 1904 37.9390 156.3511 4 1845 -13.2270 197.9445
-4.3764590716e-01 7.0704105168e-01 -9.0874023245e+00
166 101 0
2 1 1990 -65.5370 125.6160 4 1922 -117.9940 155.2416
-3.4649579264e-01 6.8610479128e-01 -9.0294220191e+00
72 44 0
2 1 1997 -43.5530 122.0610 4 320 -94.4040 156.4608
-3.8569617600e-01 5.8060131878e-01 -9.0475241464e+00
110 66 0
5 1 2077 -54.2190 92.1160 4 1971 -102.6910 125.5200 13 1883 -93.1040 114.0810 18 1966 -72.5280 116.9640 8 447 10.6700 112.4840
-1.5794181000e+00 6.6744616274e-01 -1.1852935632e+01
209 199 79
2 1 2119 -152.7120 73.7070 4 782 -199.6450 30.7750
-1.4881366889e+00 6.5609253834e-01 -1.1750803776e+01
238 219 87
3 1 2120 -145.2850 73.4640 4 2175 -192.4160 31.0020 13 2097 -231.3960 14.9510
-3.5887003250e-01 4.8133531363e-01 -9.0909258064e+00
56 37 0
4 1 2136 -45.3160 65.1920 4 2991 -92.4540 95.7050 13 2809 -82.1210 86.3660 18 530 -61.7910 88.3470
-1.4816905021e+00 5.6258616715e-01 -1.1641657470e+01
233 216 66
2 1 2146 -147.9640 61.8220 4 822 -194.9130 21.4540
-3.6221836076e-01 3.5611274726e-01 -9.1137970758e+00
38 43 9
3 1 2223 -45.7570 31.3510 4 3052 -90.2050 60.2020 13 2860 -78.1820 53.0900
1.8126351381e+00 3.0786827235e-01 -1.2019714205e+01
194 175 54
3 1 2233 257.9630 27.2460 4 2217 216.2120 12.8090 13 2900 161.8420 26.6110
-1.2669725099e+00 2.9569082082e-01 -1.1147611795e+01
205 186 47
4 1 2234 -137.0810 27.0400 4 2277 -183.7330 -7.6750 18 3241 -258.8520 -40.2810 8 3485 -210.7450 -49.2310
1.0949758456e+00 -1.8014844894e-02 -1.1074157950e+01
80 61 0
2 1 2366 200.6770 -22.0210 4 2339 166.4170 -28.8760
1.2503745047e+00 -4.8258133641e-02 -1.1048244007e+01
229 210 89
2 1 2382 224.7850 -27.0640 4 1042 190.3050 -31.6320
9.3941894137e-01 -1.8825062693e-01 -1.0703750449e+01
208 214 133
2 1 2437 191.4050 -54.4400 4 1131 159.9470 -56.5430
5.6632835733e-01 -1.2133695636e-01 -9.9027080918e+00
7 25 1
2 1 2459 158.4740 -63.7510 4 2375 125.9790 -50.9370
6.1911928716e-01 -4.1036571568e-01 -1.0225957090e+01
141 152 76
3 1 2552 154.2060 -105.8330 4 2498 127.9910 -103.6750 13 1129 110.5910 -87.4740
5.6740782345e-01 -5.6685161052e-01 -9.9413885422e+00
181 191 94
2 1 2655 154.6620 -148.4080 4 2597 132.1880 -141.8150
-7.1305150921e-01 -5.0037560951e-01 -9.2212877272e+00
214 221 141
2 1 2724 -127.9930 -177.9820 4 2668 -166.6540 -177.7220
1.4839175543e+00 1.4620959981e+00 -1.1945843563e+01
118 129 71
2 1 2936 223.9870 169.8799 4 2904 167.3920 148.1622
-1.9239159890e-01 7.9386054920e-01 -8.9578513012e+00
80 51 0
6 1 2953 -2.0850 155.6786 4 1849 -54.2260 195.9481 13 1759 -49.5780 183.6156 18 1820 -29.0480 188.6826 6 2101 101.0560 158.8477 8 205 50.2090 182.5872
-2.2256530211e-02 7.7684154048e-01 -8.9720699752e+00
27 43 0
2 1 2963 46.2920 150.2981 4 2858 -4.7300 193.0318
-2.7942014616e-01 7.5364832188e-01 -8.9754413728e+00
80 52 0
3 1 2971 -26.0930 143.3247 4 2869 -78.5910 181.4138 13 1786 -71.5540 168.8262
-3.1928372808e-01 7.2794577220e-01 -8.9950851064e+00
73 46 0
3 1 2986 -36.9720 135.0650 4 2876 -88.6180 171.7523 13 1806 -81.5100 158.8876
-3.7279105791e-01 6.0589313061e-01 -9.0346831442e+00
92 47 0
3 1 3054 -50.5910 99.6760 4 2919 -100.3900 133.4320 13 2731 -90.9780 122.0030
-3.6620355048e-01 5.5415959266e-01 -9.0553941138e+00
90 50 0
2 1 3068 -48.4640 84.9830 4 2940 -96.5830 117.9560
-3.5824298498e-01 5.4940754378e-01 -9.0894370005e+00
112 80 23
2 1 3071 -44.6830 83.0220 4 3575 -93.5190 114.3560
-3.4944043978e-01 5.3298878220e-01 -9.0928536494e+00
58 30 0
3 1 3078 -42.6700 78.9260 4 3579 -90.7320 109.8580 13 3365 -81.3750 99.4020
-3.9232009624e-01 4.6114878709e-01 -9.0683142785e+00
88 63 12
6 1 3118 -54.8210 59.4390 4 3598 -101.8950 91.5050 13 2813 -90.2860 81.3720 18 3048 -68.0290 83.6050 6 2356 46.1080 47.7760 8 1954 15.8130 80.3400
-5.0851897958e-01 4.5765592523e-01 -9.0946646508e+00
36 40 4
3 1 3119 -84.3200 58.0220 4 3011 -132.7760 86.8150 13 2826 -121.6260 74.7210
1.7999979037e+00 2.9895187243e-01 -1.1888590293e+01
120 102 3
2 1 3163 262.2060 25.7550 4 2218 220.5760 13.2460
1.8422092849e+00 2.2305108709e-01 -1.1851116898e+01
192 169 50
2 1 3184 269.4050 16.0720 4 2242 227.6950 4.7220
-1.2164335251e+00 1.2479158122e-01 -1.0810484066e+01
226 211 69
2 1 3208 -143.6060 -0.4930 4 3174 -188.5520 -30.3650
-1.4079212662e+00 -1.7451683887e-02 -1.0444769845e+01
160 141 10
4 1 3248 -191.7380 -27.3450 4 2383 -238.2941 -55.6260 13 3045 -254.7533 -76.3620 6 3420 -195.1220 -58.0660
-1.4100540949e+00 -1.8405053865e-02 -1.0450184483e+01
160 141 10
7 1 3249 -191.7380 -27.3450 4 2384 -238.2941 -55.6260 13 3046 -254.7533 -76.3620 18 3307 -287.8018 -98.3150 6 3421 -195.1220 -58.0660 8 3087 -223.4995 -107.4650 17 3099 -249.9960 -118.0100
9.4586472384e-01 -1.4757081194e-01 -1.0740250544e+01
89 95 19
2 1 3274 190.5730 -47.1620 4 2370 159.4190 -49.8410
4.9263433573e-01 -9.8690472205e-02 -9.9767280866e+00
225 237 173
2 1 3293 140.2590 -56.7980 4 3727 108.8180 -47.3360
9.0095161719e-01 -2.0850459326e-01 -1.0637480686e+01
225 231 152
2 1 3296 187.4700 -59.1500 4 3221 157.1780 -60.5280
6.4369599424e-01 -4.0113559200e-01 -1.0204163895e+01
173 183 99
2 1 3362 159.5810 -105.2580 4 3279 133.3260 -101.9640
-7.3030947747e-01 -4.7851180271e-01 -9.2846436735e+00
63 72 6
3 1 3475 -127.9030 -167.9740 4 2651 -167.4180 -168.8130 13 2501 -140.3790 -175.9050
-2.2217581078e-01 8.0386813392e-01 -8.9500463435e+00
136 89 0
4 1 3657 -10.8360 158.6283 4 2848 -63.3200 199.2156 13 2667 -57.1220 186.7756 18 2895 -37.0700 191.4029
-1.7565631153e-01 7.8054183697e-01 -8.9618439128e+00
67 60 13
2 1 3659 2.9860 151.8012 4 3512 -49.4470 192.3640
-3.1833508599e-01 6.9476751726e-01 -9.0050454660e+00
59 50 3
4 1 3680 -36.3850 126.2230 4 2894 -88.7990 160.4410 13 3327 -78.5090 149.9370 8 2740 22.8000 147.7006
-3.7471105240e-01 6.5140764305e-01 -9.0063504004e+00
117 73 9
2 1 3693 -52.4060 113.1810 4 3546 -102.5130 148.4596
-1.4965898345e+00 5.9990660227e-01 -1.1668099350e+01
206 185 42
6 1 3742 -149.6270 66.0080 4 3090 -195.6510 25.1220 13 2925 -234.1872 8.2570 18 3739 -294.7354 -8.5070 6 4295 -212.3280 62.0740 8 3829 -254.6136 -19.5950
-4.5963019102e-01 4.5408794855e-01 -9.0736711096e+00
31 20 0
6 1 3748 -72.7440 57.4120 4 4022 -120.2370 87.7110 13 3814 -107.8810 76.6860 18 4082 -86.5010 78.3760 6 4314 27.6660 42.8150 17 3842 12.0250 82.8150
-1.7290157680e+00 3.4236721299e-01 -1.1104662929e+01
228 206 69
2 1 3763 -204.0250 33.4000 4 3134 -252.1497 -4.6050
-1.6509290669e+00 3.2031835201e-01 -1.1088427216e+01
222 196 57
4 1 3768 -194.2990 30.5480 4 3137 -240.9404 -6.6120 13 3473 -273.0515 -27.8720 6 4628 -238.4348 8.4020
-1.2360434836e-01 2.9102783223e-01 -8.9843155731e+00
29 40 1
2 1 3784 16.2930 12.1550 4 3638 -24.3820 53.0420
5.3463160984e-01 -5.1900350422e-01 -9.9385754738e+00
162 173 81
3 1 3938 147.8160 -139.2090 4 3819 125.6050 -132.5460 13 3564 115.6130 -113.8210
-6.7033448854e-01 -3.9043931956e-01 -9.2366453789e+00
40 58 10
2 1 3958 -116.4640 -150.8160 4 3825 -156.5100 -146.6680
6.3411398751e-01 -5.6796065864e-01 -9.9100989740e+00
201 208 105
2 1 3960 168.2560 -150.5040 4 4174 147.9840 -141.9820
-2.6755329703e-01 8.0867757222e-01 -8.9682874575e+00
218 164 26
4 1 4098 -22.7700 159.2354 4 2850 -76.1200 197.7162 13 2673 -70.8120 184.2228 18 3556 -50.0910 189.6407
-1.9824255913e-02 7.3944642620e-01 -8.9830663584e+00
23 40 4
2 1 4102 47.2050 139.0420 4 3964 -3.7160 181.5622
-3.9820455081e-01 6.5741243765e-01 -8.9969145150e+00
119 66 0
3 1 4125 -59.1640 114.9420 4 3987 -109.5470 150.5930 13 3771 -100.3910 137.7050
-4.1138300050e-01 6.1295855146e-01 -9.0181082044e+00
124 71 1
3 1 4141 -61.8160 102.0360 4 3996 -112.0420 135.4980 13 3775 -101.8510 124.4000
-3.3978406209e-01 5.6998643756e-01 -9.0732222561e+00
52 26 0
3 1 4155 -40.4290 88.8110 4 4008 -89.0360 121.4320 13 3779 -80.8620 110.9510
-3.8978746603e-01 5.6205894804e-01 -9.0415408708e+00
132 88 9
2 1 4157 -55.2500 87.4440 4 4305 -103.9590 120.6910
-3.1718938662e-01 5.4684236857e-01 -9.0633374936e+00
73 65 3
6 1 4163 -34.9600 82.3660 4 4009 -82.2660 116.4650 13 3783 -74.0370 106.8840 18 4348 -52.8340 109.4540 6 4599 64.4370 76.4690 8 3759 27.2000 105.9700
-4.1201244641e-01 4.4269559644e-01 -9.0616910000e+00
14 13 0
3 1 4175 -60.4670 54.3860 4 4024 -107.3310 86.1300 13 3815 -95.2160 76.1450
2.2007749141e+00 5.2799145208e-01 -1.2585473806e+01
121 110 23
3 1 4181 279.0900 51.7790 4 3656 233.4090 33.2410 13 3415 172.0120 47.2010
-4.1064210248e-01 4.1197829485e-01 -9.0812547293e+00
10 24 2
2 1 4185 -60.0030 46.1980 4 4029 -105.2350 76.6520
-3.3146225768e-01 1.5453293578e-01 -8.9598049710e+00
15 28 0
2 1 4234 -42.9110 -26.0120 4 4353 -83.0150 10.1470
1.3747502416e+00 -9.8245008959e-02 -1.1007239812e+01
215 202 76
2 1 4237 245.0570 -35.2660 4 4086 211.0420 -37.6460
4.2315589109e-01 -1.1388991742e-02 -1.0090105787e+01
63 68 1
2 1 4239 122.7210 -37.0530 4 3714 91.1140 -31.3750
-4.7399307566e-01 -1.0176065225e-01 -9.0505675380e+00
16 36 2
2 1 4266 -77.5740 -91.3210 4 4103 -116.7840 -67.9040
-5.7504852176e-01 -2.4650378476e-01 -9.0995390207e+00
25 48 6
2 1 4298 -101.5410 -125.4150 4 4148 -140.2280 -110.1190
4.9972672981e-01 -5.3441727206e-01 -9.8418449957e+00
166 175 82
3 1 4312 145.2500 -147.8790 4 4170 122.1980 -139.3470 13 3568 115.3060 -119.5250
5.8021144623e-01 -5.6070005865e-01 -9.8295017574e+00
202 208 110
3 1 4319 161.1200 -154.3430 4 4173 141.1720 -142.9990 13 3571 131.5590 -122.8680
3.4998672623e-01 -5.9424831607e-01 -9.6836590596e+00
162 172 83
2 1 4330 118.1790 -169.1750 4 4198 98.1830 -160.3560
4.6068394475e-01 -6.6149589987e-01 -9.6184278660e+00
181 189 93
2 1 4347 143.4230 -188.1540 4 3858 127.2290 -176.6210
-1.5423771335e-02 8.2116129159e-01 -8.9894144460e+00
35 12 10
2 1 4414 47.7080 162.0928 4 4469 -3.1700 203.4423
-1.7768741761e+00 9.6890535423e-02 -1.0596238931e+01
247 223 91
3 1 4472 -240.3219 -5.4680 4 4368 -290.2869 -39.5690 6 4914 -266.3570 -47.0880
1.3368613059e+00 5.5521563115e-03 -1.1224440814e+01
226 206 78
2 1 4482 229.6680 -17.0490 4 4364 193.8550 -23.7130
-2.6528164770e-01 1.1015680097e-01 -9.0038655772e+00
20 37 1
3 1 4489 -22.4710 -37.3810 4 4510 -62.1570 -2.2210 13 4131 -41.4110 -5.3160
-1.5385308126e+00 -2.1105877499e-01 -1.0081134110e+01
237 217 86
3 1 4503 -236.5782 -69.1130 4 4133 -288.0295 -96.1720 13 4178 -295.8671 -121.4550
-4.6273140435e-01 -2.0087125916e-02 -9.0129008347e+00
15 32 0
2 1 4505 -76.8290 -71.5020 4 4372 -116.2990 -44.2440
-4.3096756957e-01 -3.2789339859e-02 -9.0570082347e+00
15 31 2
2 1 4507 -65.7230 -72.9520 4 4373 -105.5340 -47.3270
4.4462240108e-01 -1.8714196762e-01 -9.8452141690e+00
3 4 7
2 1 4514 134.6100 -78.3990 4 4384 105.5370 -66.6210
5.1931467978e-02 7.4034449201e-01 -9.1101212281e+00
67 67 4
2 1 4602 64.4690 133.8940 4 4639 16.5140 170.6728
-3.0272108710e-01 6.2691799475e-01 -9.0375632335e+00
64 60 5
7 1 4609 -32.1330 106.2470 4 4484 -80.7420 140.9188 13 4255 -72.6670 128.9610 18 4515 -52.3910 132.8060 6 4889 67.9380 100.6950 8 4246 28.3810 127.9380 17 4098 36.6810 138.4650
-3.1516411152e-01 4.9141501062e-01 -9.0633292654e+00
71 68 7
5 1 4621 -34.6850 67.3170 4 4490 -81.5560 100.9790 13 4265 -70.8640 91.4540 18 4524 -49.2960 95.2130 6 4794 67.3620 61.8200
-3.1562114556e-01 4.8916338501e-01 -9.0582427310e+00
71 68 7
3 1 4622 -34.6850 67.3170 4 4491 -81.5560 100.9790 13 4266 -70.8640 91.4540
-3.1605134983e-01 4.8979150087e-01 -9.0595483816e+00
71 68 7
2 1 4623 -34.6850 67.3170 4 4492 -81.5560 100.9790
-4.1868081551e-01 4.7492855030e-01 -9.0630084568e+00
143 100 7
8 1 4626 -62.0910 63.3470 4 4493 -110.0480 94.9590 13 4267 -97.9540 84.4400 18 4528 -75.8400 86.4700 6 4798 39.5110 50.2480 8 4257 9.1350 83.1880 17 4294 20.6750 91.3000 15 3901 87.4310 96.8520
2.0795245746e-01 4.5683861745e-01 -9.3275937585e+00
63 64 0
2 1 4629 100.0890 55.5800 4 4595 57.3230 85.8440
-1.3157528371e+00 -5.7658518006e-02 -1.0408450656e+01
230 213 83
4 1 4640 -177.9320 -34.6100 4 4524 -225.0162 -62.1700 13 4300 -238.6986 -80.9380 18 4710 -267.6708 -101.5370
-1.4579590238e+00 -5.4265496441e-02 -1.0334088669e+01
188 163 34
6 1 4641 -206.8050 -36.2020 4 4382 -253.7294 -63.7790 13 4303 -268.6884 -86.2450 6 4918 -205.5800 -72.0010 17 4437 -255.7324 -127.9240 5 5485 -276.0107 -143.3120
-1.4578959350e+00 -5.4511889165e-02 -1.0334450129e+01
188 163 34
7 1 4642 -206.8050 -36.2020 4 4383 -253.7294 -63.7790 13 4304 -268.6884 -86.2450 18 4665 -299.0288 -108.6380 6 4919 -205.5800 -72.0010 17 4438 -255.7324 -127.9240 5 5486 -276.0107 -143.3120
1.5266032585e+00 -1.2670453420e-01 -1.1002495748e+01
184 153 30
3 1 4644 267.6790 -40.1760 4 4521 234.5030 -40.2940 13 4288 189.3320 -20.4100
1.8756654904e-01 -3.8250358573e-01 -9.6655725506e+00
76 82 12
3 1 4669 85.0520 -125.6940 4 4539 58.7110 -115.6520 13 4311 59.7710 -104.0760
-1.2349655348e+00 -4.5773369683e-01 -9.5327983643e+00
235 236 142
2 1 4672 -222.1919 -142.7990 4 4550 -271.1741 -160.1310
4.0460524970e-01 -5.4753037033e-01 -9.8571865606e+00
127 135 60
7 1 4675 124.9000 -148.9360 4 4543 102.4030 -141.9650 13 4180 97.1110 -125.4080 18 4433 91.4500 -117.3790 6 4832 176.7130 -108.3420 8 4143 149.1610 -108.4250 17 4196 130.3050 -95.0670
-3.4981724449e-01 6.1722952001e-01 -9.0453650679e+00
57 25 0
7 1 4714 -44.4280 104.6870 4 4585 -93.5490 138.2390 13 4359 -85.1010 125.9900 18 4634 -65.0650 128.5550 6 4963 54.1930 95.4660 8 4353 17.6230 121.1840 17 4375 26.9320 129.7310
1.8838895824e+00 1.2870796226e-01 -1.1675233076e+01
210 186 59
3 1 4725 282.3070 3.5770 4 4511 242.4620 -5.1180 13 4123 190.0130 11.4580
-1.1623333004e+00 -1.8750158064e-01 -1.0094343804e+01
239 243 146
2 1 4734 -169.1110 -65.5580 4 4532 -214.9240 -86.7440
-5.0837377067e-01 -2.6859440567e-01 -9.0769071444e+00
29 51 13
3 1 4743 -84.8840 -133.1070 4 4617 -122.6890 -116.1160 13 4390 -92.3750 -118.3260
-1.4532204661e-01 -7.6360961333e-01 -9.3643149734e+00
165 171 98
2 1 4757 12.1200 -229.5300 4 4673 -10.3870 -227.5740
-2.8492168382e-01 5.7943095603e-01 -9.0584026836e+00
58 57 0
7 1 4775 -26.1910 92.1890 4 4641 -74.6510 126.8530 13 4421 -66.3270 116.4750 18 4700 -46.4520 119.5060 6 4964 72.6900 87.7290 8 4354 33.5160 115.4970 17 4376 42.0230 124.0210
-3.8321210047e-01 4.2916481272e-01 -9.0668767786e+00
6 12 0
2 1 4777 -52.4950 50.8630 4 4646 -99.1420 82.6330
-3.3205972605e-01 -8.1712394708e-02 -9.0482220911e+00
16 33 0
2 1 4781 -39.4530 -86.7830 4 4661 -77.0390 -59.4120
8.3485914079e-01 -5.1863902035e-01 -1.0019972689e+01
226 229 126
4 1 4787 203.2940 -137.0590 4 4618 181.0130 -125.4040 13 4386 162.4720 -101.7360 18 4573 144.4480 -90.4600
3.4532279742e-01 -6.5025481908e-01 -9.6199102142e+00
166 176 87
2 1 4794 119.4510 -185.4000 4 4668 99.9200 -175.9870
-3.0875818784e-01 -4.5012228133e-01 -9.2961476687e+00
84 86 21
3 1 4823 -26.9000 -162.9230 4 4716 -58.3050 -152.0810 13 4467 -35.5120 -150.1800
-1.9070481936e-01 -6.8011869921e-01 -9.3433411528e+00
34 49 8
6 1 4826 2.6740 -211.5900 4 4718 -23.6880 -208.4940 13 4471 -0.2460 -198.7580 18 4758 25.7140 -195.5950 8 4466 107.2880 -183.6570 17 4493 113.9010 -170.9300
2.4636289006e-01 5.2766149687e-01 -9.3883359372e+00
56 54 2
2 1 4836 107.7310 72.1960 4 4709 64.0060 100.2620
-6.0087845093e-01 -5.7265337674e-01 -9.2083628456e+00
26 38 0
2 1 4855 -100.0070 -197.0600 4 4739 -137.4520 -196.2270
-4.9471967854e-01 -4.2970417420e-01 -9.2952606366e+00
45 61 19
2 1 4870 -72.5490 -156.9010 4 4749 -105.9690 -151.3560
-2.0261886985e-01 8.0022619044e-01 -8.9544017159e+00
116 83 5
2 1 256 -5.0430 157.9044 13 193 -52.2510 185.3132
-2.5114628872e-01 7.8112060362e-01 -8.9609956007e+00
121 80 6
5 1 271 -17.7340 152.5898 13 1771 -67.0870 176.6150 18 1834 -44.9170 182.4467 6 304 85.4680 152.9395 8 224 37.7600 177.2564
-3.4463190403e-01 7.6497928797e-01 -8.9973859535e+00
122 66 4
2 1 301 -44.0520 145.4350 13 236 -89.8280 167.6775
-3.7234174937e-01 6.8000210969e-01 -9.0149234299e+00
105 61 9
2 1 388 -51.1630 120.7930 13 312 -93.9670 142.9636
-3.5619087183e-01 6.7457903605e-01 -9.0170601367e+00
90 58 6
3 1 394 -46.6360 119.0130 13 314 -89.1780 141.4730 18 334 -68.8240 146.3865
-1.3912319205e+00 8.9283632405e-01 -1.2307280243e+01
229 227 123
3 1 474 -117.7790 96.0320 13 702 -209.4760 35.9810 6 3189 -197.7360 103.6900
1.0715868882e-01 5.6549706097e-01 -9.2787937453e+00
70 71 4
2 1 526 76.4560 83.5160 13 427 25.4360 110.1010
-1.7340143685e+00 5.2059117128e-01 -1.1540666068e+01
215 203 86
2 1 626 -184.2410 56.9630 13 2149 -270.1149 -5.3240
-1.3124537380e+00 -1.1435747681e-01 -1.0231983061e+01
231 220 104
2 1 1033 -188.1360 -48.4230 13 1154 -244.5298 -92.9360
4.3397370897e-01 -5.7209609260e-01 -9.8053375162e+00
161 171 85
2 1 1427 132.2730 -157.2760 13 1297 106.3880 -130.2700
-3.1251512481e-01 7.6417098694e-01 -8.9836495416e+00
153 106 22
2 1 1931 -35.5330 145.9290 13 1782 -81.0060 169.7027
-1.7063855795e+00 1.8050517715e-01 -1.0758767937e+01
253 233 100
2 1 2283 -219.9340 8.3360 13 2243 -295.4949 -50.1810
-1.7063855795e+00 1.8050517715e-01 -1.0758767937e+01
253 233 100
2 1 2284 -219.9340 8.3360 13 2244 -295.4949 -50.1810
4.1465956374e-01 1.2203390211e-01 -9.7644539285e+00
66 74 23
2 1 2354 132.4170 -17.3780 13 2120 82.3910 6.2520
3.7687194653e-01 9.9046885972e-02 -9.7030630281e+00
69 70 2
2 1 2370 126.7820 -23.7470 13 2134 78.5550 1.9790
-1.5259244980e+00 -2.7140808350e-01 -9.8537290873e+00
235 212 89
3 1 2504 -252.6718 -87.2200 13 2430 -308.1023 -139.9660 8 2530 -237.8814 -177.0890
-5.3838697912e-01 -6.8935644706e-01 -9.2910765172e+00
66 73 28
2 1 2828 -82.3550 -217.0480 13 2595 -82.9560 -220.0500
-4.8097503812e-01 -6.9802133518e-01 -9.3120762363e+00
73 82 29
2 1 2830 -68.1830 -217.2980 13 3219 -68.1830 -218.1110
-3.8630371735e-01 7.1215649142e-01 -9.0395233484e+00
121 73 0
2 1 2994 -54.6210 129.2600 13 2701 -98.2990 148.4463
-2.4049193481e-01 4.9221773572e-01 -9.0443743371e+00
50 53 6
2 1 3104 -15.2360 68.8050 13 1922 -50.2200 95.2760
-2.6427760732e-01 1.3836643032e-01 -9.0319615192e+00
13 29 3
2 1 3251 -21.4930 -28.7450 13 2945 -42.7800 1.9970
-2.6406463475e-01 7.1517375843e-01 -9.0234372308e+00
50 47 2
2 1 3679 -21.2530 130.5820 13 3318 -65.9570 154.5543
1.6454411442e-01 6.0982290911e-01 -9.3434178648e+00
55 53 3
2 1 3718 88.9330 93.7300 13 2744 34.7630 117.4210
-3.9950399164e-01 -7.9942980729e-04 -9.0735161468e+00
13 29 2
2 1 3858 -56.8610 -63.7700 13 3489 -73.5700 -41.6530
5.7781117295e-01 -5.3018479570e-01 -9.9030193494e+00
190 196 96
2 1 3950 158.0910 -143.9380 13 3566 125.3810 -114.7460
-6.8018275344e-01 -5.0858165513e-01 -9.3218718494e+00
50 68 26
2 1 3977 -114.6710 -171.7430 13 3167 -125.0620 -179.7170
-3.6394790901e-01 5.8497711112e-01 -9.0655274602e+00
107 71 3
2 1 4149 -47.2540 93.1270 13 3778 -87.7810 114.5160
-4.3891766515e-01 5.0113513655e-01 -9.0584096384e+00
116 72 2
7 1 4171 -66.4150 69.7230 13 3802 -105.6890 90.5950 18 4354 -83.3110 92.8810 17 3834 14.4840 96.8080 15 3595 83.0660 102.9280 16 3533 34.4640 118.7940 19 3313 37.9970 31.8820
-4.0891473863e-01 4.1106728313e-01 -9.0565921133e+00
10 24 2
2 1 4186 -60.0030 46.1980 13 3820 -92.6900 67.8940
-4.2323272315e-01 2.2983753183e-01 -9.1253825443e+00
4 15 1
2 1 4216 -60.3540 -2.3340 13 3849 -90.0990 17.8690
-3.0930312687e-01 5.6880497620e-02 -8.9970550071e+00
17 33 2
2 1 4242 -34.5730 -52.1570 13 3868 -51.1940 -21.1960
3.0393067322e-01 -9.2739574305e-02 -9.7047462360e+00
77 76 10
2 1 4251 110.0650 -63.7230 13 3488 70.9970 -39.4730
-6.2988209566e-01 -4.3376470217e-01 -9.2030872623e+00
44 62 22
2 1 4326 -109.2610 -163.6950 13 4197 -116.6820 -164.0070
-2.7585752797e-01 2.9754790021e-01 -9.1455792193e+00
18 28 0
2 1 4464 -22.2110 16.0310 13 4113 -53.7130 39.3990
-3.5787692384e-01 2.5429378518e-01 -9.2022182397e+00
47 55 6
2 1 4634 -42.2930 6.0870 13 4280 -72.9170 23.3080
-1.5077142855e+00 -4.4500010827e-03 -1.0447497971e+01
244 223 95
6 1 4637 -208.0070 -25.2300 13 4299 -272.3666 -76.5660 18 4574 -307.0995 -99.3850 6 4916 -215.1620 -60.4600 8 4383 -243.3296 -110.0190 17 4436 -272.0479 -122.3570
-2.1131138719e-01 1.2956136943e-01 -9.0023337592e+00
18 31 0
2 1 4639 -7.2500 -32.4910 13 4285 -27.8450 2.6930
-7.0361837489e-01 -1.2919923320e-01 -9.3717138824e+00
231 236 136
2 1 4655 -118.2730 -81.0130 13 4306 -143.6990 -85.7000
-4.0479027230e-01 -1.0201064884e-01 -9.0288314340e+00
21 41 3
2 1 4659 -59.5090 -93.1700 13 4297 -71.0160 -69.0760
-3.3601736765e-01 4.0877522953e-01 -9.1024687374e+00
51 58 2
6 1 4720 -38.6750 45.4820 13 4364 -73.0260 68.9930 18 4643 -52.8380 70.9210 6 4900 61.4740 36.0150 8 4360 29.1820 67.9690 17 4380 38.7200 74.6820
-3.3541469718e-01 3.0981780831e-01 -9.1353040369e+00
52 60 3
2 1 4814 -37.8750 19.1860 13 4457 -69.5320 40.8310
1.7742864391e-01 -5.8235515432e-02 -9.6702853834e+00
84 86 13
2 1 4842 83.3080 -56.6930 13 4482 46.8190 -36.8040
4.7576895461e-01 -1.3759776728e-01 -9.6418973014e+00
1 6 0
2 1 4851 148.7920 -75.8240 13 4483 110.4010 -42.9300
-1.7118703530e-01 8.0891276465e-01 -8.9623791348e+00
106 82 12
2 4 170 -48.4760 200.2017 13 179 -44.2890 187.8070
-2.8434904175e-01 7.6406712524e-01 -8.9695352781e+00
119 82 7
2 4 227 -80.0430 184.8494 13 223 -73.2530 171.9732
-3.4546135123e-01 6.0225703878e-01 -9.0728188633e+00
71 42 2
2 4 410 -91.1020 130.0960 13 387 -83.5090 119.0200
-1.6671362801e+00 4.4701238179e-01 -1.1240781098e+01
232 216 99
2 4 883 -236.5995 9.4760 13 883 -271.5069 -11.0980
1.3972907340e+00 -1.0325530192e-01 -1.1137361086e+01
215 203 82
2 4 1066 207.8090 -38.5600 13 935 165.2730 -21.0940
-1.4534476185e+00 -4.8303376062e-02 -1.0285950687e+01
194 170 46
2 4 1160 -256.9695 -62.6170 13 2320 -270.6324 -84.2320
-1.4854099310e+00 -1.3427761575e-01 -1.0181998140e+01
235 214 87
3 4 1213 -269.9818 -79.6960 13 1201 -280.5051 -103.0600 18 3352 -306.9214 -127.7490
-4.4851051879e-01 -6.9331256405e-01 -9.2792304303e+00
84 92 32
2 4 1721 -90.7300 -221.0720 13 1578 -60.3260 -217.2070
-6.8965129580e-01 -6.7626090194e-01 -9.2423257429e+00
167 169 82
2 4 1729 -156.4230 -223.7920 13 1618 -122.7910 -227.2610
-4.7570181149e-02 8.2920996948e-01 -8.9779260057e+00
97 80 2
3 4 1830 -13.3430 206.2594 13 155 -12.5130 194.9830 8 166 78.7370 194.0531
-1.5055020779e-01 8.1183630562e-01 -8.9446671053e+00
154 125 38
2 4 1836 -42.8830 203.3531 13 1743 -38.4840 191.0627
-2.7629325857e-01 8.2088031221e-01 -8.9749793684e+00
147 89 0
2 4 1843 -78.4870 200.1059 13 1752 -73.4030 186.6881
-3.8975992836e-01 4.8560538936e-01 -9.0721061037e+00
100 65 0
3 4 2032 -101.4330 98.3450 13 1942 -90.9140 87.0330 18 526 -69.1810 89.4560
-1.4076364416e+00 7.0897551722e-01 -1.1831287033e+01
236 217 94
2 4 2159 -179.0190 37.2330 13 2908 -220.0538 22.1360
-1.3735454341e+00 1.9219493500e-01 -1.0921646158e+01
215 196 65
2 4 2311 -207.8500 -21.8920 13 983 -233.7775 -40.2940
-1.9129567664e-01 -7.1497998307e-01 -9.3380130295e+00
65 70 15
2 4 2776 -22.5550 -217.7060 13 2569 2.0370 -206.5380
-2.6839457146e-01 8.1019630077e-01 -8.9724720870e+00
220 170 41
2 4 2849 -76.1200 197.7162 13 2672 -70.8120 184.2228
-3.8998769918e-01 6.0711496932e-01 -9.0345363798e+00
122 73 4
3 4 2916 -105.1630 133.6410 13 2730 -95.5730 121.9370 18 1954 -74.5920 124.6810
-4.0460035622e-01 5.3200931740e-01 -9.0456966603e+00
131 83 13
4 4 2948 -107.6400 111.5500 13 2776 -96.5590 100.6030 18 3014 -74.4450 103.7580 8 1918 9.7770 99.3670
-4.3307742634e-01 5.2135897328e-01 -9.0494585425e+00
130 78 9
2 4 2961 -115.2310 107.7470 13 1919 -103.8180 97.0250
-4.8350400122e-01 5.1960429932e-01 -9.0678141232e+00
122 73 0
2 4 2964 -128.3300 105.2340 13 2787 -117.1610 93.5210
-3.7406253729e-01 4.9631838062e-01 -9.0591331875e+00
91 58 0
2 4 2970 -97.9290 101.4290 13 1930 -86.9270 91.7840
-4.3487752332e-01 4.2599842651e-01 -9.0286490279e+00
17 30 4
2 4 3017 -115.2660 83.1510 13 2828 -100.6580 72.3410
-3.3667946136e-01 8.7224791041e-02 -9.0089227585e+00
8 26 2
2 4 3143 -82.4150 -10.7780 13 2971 -59.8010 -14.3450
-1.2483481704e+00 9.6717930513e-02 -1.0971570559e+01
232 218 85
2 4 3184 -185.8070 -34.7790 13 3496 -210.2920 -52.5110
3.8744751213e-01 -4.7747930738e-01 -9.8601111180e+00
96 107 45
2 4 3329 97.7960 -128.1210 13 3092 91.6610 -112.5070
-4.9707508887e-01 -6.7633031617e-01 -9.3828397755e+00
52 60 13
2 4 3452 -99.8080 -210.2250 13 3208 -73.6380 -208.9450
-2.7854231583e-01 -7.0780239610e-01 -9.4203850161e+00
86 94 35
2 4 3457 -43.8320 -211.7180 13 3199 -21.1120 -204.2910
6.3402040348e-02 7.2032041613e-01 -8.9711315490e+00
80 76 11
2 4 3526 20.5810 179.1607 13 3306 21.5280 170.2534
-4.7653484486e-01 5.6680619115e-01 -9.0651806009e+00
138 84 0
2 4 3568 -127.1990 118.5770 13 3784 -117.1490 106.0910
-2.8896565281e-01 4.9681240219e-01 -9.0722906921e+00
70 71 14
2 4 3585 -73.8000 102.5420 13 3372 -64.4220 93.7320
-4.8021659945e-01 4.8193342001e-01 -9.0796985557e+00
125 85 8
7 4 3595 -126.4940 93.8540 13 3382 -114.8790 82.6750 18 4078 -93.4910 84.5720 17 3840 4.1990 88.3620 15 3602 73.5170 93.8200 16 3538 24.3600 108.3350 19 3715 30.1190 20.2430
1.5998563487e+00 1.6825901506e-01 -1.1765651853e+01
216 198 70
2 4 3691 202.7190 -3.3030 13 2923 152.7210 10.4660
-1.5998026724e+00 8.5902718328e-02 -1.0624958864e+01
238 220 94
2 4 3722 -259.8603 -39.9910 13 3505 -282.3609 -63.2840
-4.4988278675e-01 -7.4103417008e-02 -9.0690175686e+00
10 28 3
2 4 3735 -109.7060 -59.6990 13 3506 -84.3390 -63.1440
-4.2898987706e-01 -1.1767665928e-01 -9.0412804686e+00
27 45 17
2 4 3743 -104.2630 -72.3180 13 3523 -76.8160 -73.9290
-1.2912106675e-01 -6.7101282091e-01 -9.3523085870e+00
159 169 98
2 4 3893 -7.4470 -204.0020 13 3653 14.5890 -192.4340
-4.1247596024e-02 7.5044088168e-01 -8.9494984174e+00
26 44 4
2 4 3958 -10.0020 188.0892 13 3298 -6.5910 177.0492
-1.1602801123e-01 6.7749539398e-01 -8.8805646427e+00
29 47 7
2 4 3973 -30.9790 173.5444 13 3760 -21.6730 161.5275
1.5692963985e+00 -1.9140010986e-01 -1.0981038930e+01
247 235 128
2 4 4094 242.4310 -49.6260 13 3476 198.3920 -28.5330
-1.3476928968e+00 -2.5975407860e-01 -9.9941684910e+00
248 247 155
2 4 4140 -257.0878 -104.9150 13 3919 -260.0719 -126.5550
-2.6569606620e-01 -3.8157947669e-01 -9.2621949691e+00
89 91 18
2 4 4162 -48.4180 -136.1240 13 3923 -26.8040 -131.0820
-1.3959343589e-01 -6.4367339686e-01 -9.3632456015e+00
38 50 0
5 4 4235 -10.4930 -197.0950 13 3977 10.3180 -185.4780 18 4466 34.1350 -182.0680 8 4178 112.9210 -170.6700 17 4232 116.5640 -158.3070
1.4889043828e+00 -3.2813667092e-02 -1.1268956131e+01
222 206 80
2 4 4365 213.2470 -27.9680 13 3863 168.0780 -10.9800
3.0553809451e-01 4.0807093554e-01 -9.5055962804e+00
59 59 0
2 4 4598 76.3250 67.3600 13 4272 64.0990 69.5260
1.7653813441e+00 2.2945914052e-02 -1.1501233541e+01
190 155 25
2 4 4609 237.8820 -19.2760 13 4286 187.3170 -0.4130
-8.8004093296e-01 -2.9527051207e-03 -9.3970187083e+00
230 216 83
2 4 4750 -203.4520 -47.3970 13 4518 -191.3320 -61.6060
-2.9610537618e-01 7.8515472944e-01 -8.9786126389e+00
170 116 21
2 1 270 -31.1000 152.2993 18 1837 -56.8520 180.9921
-1.3662020793e+00 8.6087207773e-01 -1.2274946717e+01
214 202 73
2 1 485 -115.5660 92.8910 18 2203 -272.6364 19.4520
-4.6400430889e-01 3.2245183450e-01 -9.0868250225e+00
7 24 0
2 1 775 -72.8730 21.3900 18 703 -80.7190 42.8650
-1.4423934759e+00 -8.5855527393e-02 -1.0257067969e+01
239 211 85
3 1 1015 -209.5330 -44.0030 18 1315 -296.9528 -115.0430 6 1268 -201.6790 -78.7560
-2.8482820504e-01 7.6120676676e-01 -8.9586252533e+00
121 82 10
2 1 1932 -28.2950 146.0662 18 225 -51.3800 177.3846
-4.2846617069e-02 7.4573498724e-01 -8.9363380949e+00
16 37 0
2 1 3663 41.1990 142.2896 18 1833 14.0620 183.1835
-1.4105984519e+00 1.6813338804e-01 -1.0849034865e+01
200 180 45
5 1 3789 -170.9040 7.2500 18 3790 -285.1339 -63.7380 6 4643 -196.4660 -13.3060 8 3879 -230.3117 -74.1810 17 4188 -267.4500 -83.4430
-1.2505028195e+00 2.6190985463e-02 -1.0567579421e+01
234 218 77
3 1 3819 -160.7480 -18.7660 18 3810 -254.7290 -82.8070 6 4364 -166.4220 -39.0310
1.9496098705e-01 3.8602902999e-01 -9.3904678652e+00
65 66 0
2 1 4190 95.3010 38.0440 18 3073 48.8450 70.6050
-1.3510777572e+00 3.5175219560e-01 -1.1207219224e+01
231 214 72
2 1 4192 -147.7500 35.1220 18 4408 -272.9345 -34.9460
1.8094278150e-01 2.4787799771e-01 -9.4788091414e+00
78 80 7
2 1 4467 89.1630 6.9670 18 3707 46.1260 35.6050
-2.6494693096e-01 7.9234627833e-01 -8.9594356616e+00
151 106 0
4 4 1853 -75.7620 193.9802 18 2911 -46.5300 186.6037 8 2692 32.6420 178.9427 17 2718 42.5210 189.7291
-3.4758164428e-01 3.4382642873e-01 -9.1241055533e+00
38 48 0
3 4 2116 -85.9490 56.9140 18 2130 -52.7650 51.6200 17 540 38.4130 58.1010
-3.8928683184e-01 6.3816000343e-01 -9.0284055979e+00
109 64 0
2 4 2911 -105.6370 142.6156 18 1932 -75.9200 133.8970
-4.5284456385e-01 4.9369242053e-01 -9.0612538183e+00
115 66 0
2 4 3587 -119.7490 99.4600 18 3658 -86.0810 89.9730
-7.5856378953e-01 -5.4835112997e-01 -9.1810096340e+00
220 226 128
2 4 4740 -181.2030 -195.9190 18 4775 -112.1740 -212.4440
-3.9071273903e-01 6.2358226990e-01 -9.0294850166e+00
114 67 0
2 13 359 -96.5420 126.4110 18 398 -75.4800 129.7330
-9.7288419035e-01 5.8095686292e-01 -1.1869229384e+01
203 184 55
2 13 792 -161.7230 13.6370 18 2257 -217.0050 0.2510
-1.0752155533e+00 1.4705559499e-01 -1.0898053740e+01
215 203 87
2 13 980 -186.3470 -39.4740 18 1107 -224.4417 -55.2380
-1.3149075466e+00 -9.9192819931e-02 -1.0326235742e+01
227 213 101
2 13 1134 -241.1062 -88.8280 18 1299 -267.6925 -110.4690
3.8992642652e-02 7.6860370819e-01 -9.0178014820e+00
70 66 14
2 13 1769 11.1550 177.6649 18 210 26.0570 182.2990
-8.8051784362e-01 3.6989179646e-01 -8.3877063478e+00
78 82 4
2 13 1954 -278.4787 78.5070 18 3666 -202.2740 80.0580
-9.3250899546e-01 2.6429329945e-01 -1.1153819932e+01
177 166 48
4 13 2174 -161.9360 -21.0010 18 3235 -203.5100 -33.3390 6 3879 -121.5610 22.5900 8 2996 -158.3630 -40.6940
-1.3148046159e+00 -1.3603279863e-01 -1.0245195078e+01
253 253 154
2 13 2339 -243.8635 -96.9520 18 2560 -267.9349 -118.3990
1.1363434796e-01 -5.2228129899e-01 -9.6829705193e+00
77 83 33
2 13 2418 48.4030 -134.9760 18 2580 53.1430 -130.7500
-1.7590107146e-01 7.8280207497e-01 -8.9657228421e+00
73 65 9
4 13 2680 -44.6410 180.3562 18 2915 -24.2520 185.4737 6 3130 105.0280 155.6429 8 2691 53.9180 179.2779
2.4977652496e+00 9.4419213833e-02 -1.1721973505e+01
95 104 53
2 13 2915 253.7850 17.5270 18 2190 187.5250 25.4430
-1.0648436806e+00 4.8020019769e-01 -1.1582077620e+01
195 176 48
4 13 2942 -176.1180 2.6750 18 3743 -229.5656 -12.2800 8 3456 -188.5870 -19.6530 17 3896 -236.7679 -23.7330
-1.0645288068e+00 4.7887774762e-01 -1.1568175556e+01
195 176 48
4 13 2943 -176.1180 2.6750 18 3744 -229.5656 -12.2800 17 3897 -236.7679 -23.7330 5 5136 -280.8657 -30.4650
-1.1020231820e+00 9.1057341036e-01 -1.2568705862e+01
244 228 93
3 13 3424 -171.7470 39.5280 18 4117 -237.8908 26.1970 8 3809 -209.5800 14.1960
-2.1888176675e-01 -7.6171581481e-01 -9.3510955367e+00
140 150 79
3 13 3680 -2.6650 -217.6100 18 3956 22.6550 -216.5180 8 3650 106.5090 -204.7860
-1.1236563466e+00 6.9028363672e-01 -1.1997259918e+01
233 215 87
4 13 3847 -180.3970 21.6120 18 4128 -238.9141 9.2930 8 3817 -205.5710 -1.3540 17 4147 -260.1785 -4.2220
-4.1733848855e-01 -1.4131432060e-01 -9.0430530512e+00
13 36 0
2 13 3894 -72.5880 -80.1610 18 4185 -36.9150 -81.0770
-2.8230690476e-01 -5.2120455849e-01 -9.3345484761e+00
59 62 5
2 13 3955 -27.0730 -163.7640 18 4244 -2.3670 -163.6960
-4.9080342354e-01 -5.7541720054e-02 -9.0492530964e+00
13 31 0
4 13 4153 -96.3440 -61.1650 18 4413 -62.0530 -62.4620 8 4121 30.5710 -58.2580 17 4177 50.2240 -51.9610
-3.8893366348e-01 4.3829996432e-01 -9.0930872564e+00
14 13 9
7 13 4363 -87.6800 74.4770 18 4642 -67.1520 76.7060 6 4898 47.3830 40.9820 8 4259 15.4550 73.7400 17 4115 25.3700 82.4930 15 3904 89.4770 88.2590 19 3983 46.2890 18.9430
-1.3228507425e+00 1.0841322072e-01 -1.0691490948e+01
238 220 94
3 13 4380 -231.9950 -52.7430 18 4707 -270.2417 -71.4160 8 4428 -212.4840 -78.1370
-1.1773358782e+00 -2.0727953106e-01 -1.0144421278e+01
243 247 162
2 13 4388 -219.7905 -106.3660 18 4713 -237.2871 -128.2500
6.4465189604e-01 -7.4053495569e-01 -9.4415330614e+00
205 217 117
2 13 4401 182.4320 -169.6750 18 4678 185.4160 -150.3630
-1.9412427013e-01 -7.4843443032e-01 -9.2033122671e+00
174 186 104
2 13 4475 7.4660 -223.5500 18 4760 41.8010 -219.6580
-2.8204921371e-01 9.7089275228e-01 -9.2230418796e+00
234 178 9
2 1 159 -21.3110 188.2665 6 2032 42.6490 197.5879
-1.6896557754e-01 8.0805372883e-01 -8.9588624487e+00
110 79 10
2 1 248 4.6490 159.6189 6 272 106.5430 164.2578
3.3960775542e+00 6.4739343253e-01 -1.4477249843e+01
83 85 75
2 1 625 316.9170 57.2690 6 373 200.4320 138.0360
-4.5226092773e-01 3.2988606649e-01 -9.0760695130e+00
10 22 4
2 1 762 -70.6140 24.1670 8 681 9.9280 43.5610
-1.5448054884e+00 5.3201815059e-02 -1.0552822121e+01
245 225 94
2 1 885 -206.9240 -13.3650 6 1129 -221.7425 -46.9860
-1.5575657662e+00 -1.8701504613e-01 -1.0034851448e+01
206 177 47
2 1 1096 -244.3264 -66.0950 6 2726 -226.3967 -117.6530
-2.1360969906e-01 -6.6756684710e-01 -9.3148973725e+00
37 50 10
2 1 1665 -4.7470 -212.0010 6 2940 108.9870 -207.8690
-1.5097881515e-01 8.1578114441e-01 -8.9543764734e+00
157 118 27
2 1 1887 9.7860 162.1640 6 3123 111.9160 167.5461
-1.7061418296e+00 1.5675329245e-01 -1.0763961643e+01
229 209 78
2 1 2294 -219.4630 5.0080 8 3063 -284.0890 -90.8440
-1.7272368517e+00 2.3652830197e-01 -1.0896165191e+01
233 210 73
2 1 3777 -214.5240 18.4010 6 4641 -253.0982 -11.7490
-1.4096838468e+00 1.6903013908e-01 -1.0848716675e+01
200 180 45
