# Bundle file v0.3
20 1517
6.1606727427e+02 -5.0279645242e-02 7.6799965755e-02
-1.1243959183e-01 -5.5165591892e-01 8.2645815702e-01
6.4395986915e-01 5.9297683960e-01 4.8341923278e-01
-7.5675162710e-01 5.8656134787e-01 2.8857019955e-01
8.2763342435e+00 4.5469522144e+00 -1.5664878483e-01
6.3270067005e+02 -4.7309639588e-02 -3.1780413575e-02
9.9895014179e-01 7.6503792394e-03 -4.5167310310e-02
-1.0326883865e-02 9.9818530961e-01 -5.9324894775e-02
4.4631487683e-02 5.9729049615e-02 9.9721636115e-01
-2.0017584633e-01 -7.7632664559e-01 6.7004759800e+00
0 0 0
0 0 0
0 0 0
0 0 0
0 0 0
6.1820890989e+02 -3.0598073762e-02 1.2450399321e-02
2.7396955078e-01 -5.2886704732e-01 8.0326853014e-01
6.2364333443e-01 7.3351328187e-01 2.7023555788e-01
-7.3212681734e-01 4.2691675018e-01 5.3078471318e-01
7.9062322834e+00 2.4443157135e+00 2.0751868355e+00
6.2836400897e+02 -3.6128095274e-02 -2.5260660077e-02
9.9758480792e-01 -6.7694086583e-02 1.5558330673e-02
6.6368801524e-02 9.9505095411e-01 7.3951206332e-02
-2.0487391145e-02 -7.2740012204e-02 9.9714049032e-01
2.2188659655e-01 5.7397125662e-01 6.8250150684e+00
6.2043293320e+02 -3.4838336381e-02 5.6891968517e-03
7.5518502985e-01 -3.5257770520e-01 5.5261608055e-01
3.2688887195e-01 9.3328518420e-01 1.4873610977e-01
-5.6818943679e-01 6.8320763694e-02 8.2005672802e-01
5.5741593370e+00 1.4332222721e+00 4.8786947467e+00
6.3099680178e+02 -4.6146169270e-02 5.5102980509e-02
9.6233803613e-01 -1.5576842841e-01 2.2280417619e-01
1.8787731516e-01 9.7342625642e-01 -1.3093295137e-01
-1.9648821508e-01 1.6786160971e-01 9.6603046604e-01
2.6558569930e+00 -1.3880817798e+00 6.4567002371e+00
0 0 0
0 0 0
0 0 0
0 0 0
0 0 0
6.2111472037e+02 6.8394233586e-03 -6.1707352213e-02
9.0880705776e-01 -2.6267212586e-01 3.2414978954e-01
2.3348376317e-01 9.6408063933e-01 1.2662485221e-01
-3.4576735546e-01 -3.9393846686e-02 9.3749296570e-01
3.5024456948e+00 1.1146244345e+00 6.0220799996e+00
6.0969516174e+02 -4.4186156405e-02 6.8632848034e-02
2.5226909315e-01 -4.0333129428e-01 8.7959318534e-01
2.9712880073e-01 8.9736633373e-01 3.2626390984e-01
-9.2090975694e-01 1.7904616763e-01 3.4621913500e-01
8.9943290801e+00 2.9905113245e+00 6.4542309260e-01
6.1925937398e+02 -4.6280250918e-02 6.8176132999e-02
4.3053933365e-02 -5.7207669959e-01 8.1906935519e-01
6.0853707729e-01 6.6521644426e-01 4.3263114525e-01
-7.9235660178e-01 4.7980759900e-01 3.7677006722e-01
8.3112667570e+00 3.8300578411e+00 6.3318356758e-01
6.0499993043e+02 -5.1127621549e-02 1.3955164495e-01
4.0457760258e-01 -3.3578280879e-01 8.5062733838e-01
3.1263612439e-01 9.2489383946e-01 2.1640249409e-01
-8.5940422225e-01 1.7838523212e-01 4.7916916819e-01
8.7461579220e+00 2.0492851011e+00 1.8538490739e+00
0 0 0
0 0 0
0 0 0
0 0 0
0 0 0
6.2437451662e+02 -3.8619505089e-02 4.9335627315e-02
9.7798206685e-01 -1.5677529378e-01 1.3774100398e-01
1.4640286469e-01 9.8577732354e-01 8.2518298560e-02
-1.4871878875e-01 -6.0535738609e-02 9.8702489646e-01
1.3922444236e+00 6.6545810822e-01 6.5948078521e+00
0 0 0
0 0 0
0 0 0
0 0 0
0 0 0
6.2318729896e+02 -2.3011308839e-02 -3.1554217392e-02
6.8043263933e-01 -3.5457805173e-01 6.4131570117e-01
3.5154540351e-01 9.2581135300e-01 1.3888544894e-01
-6.4298308890e-01 1.3094939436e-01 7.5460254671e-01
6.6064138057e+00 1.3351542801e+00 4.2456521668e+00
6.1791548645e+02 -1.4541378032e-02 -5.6928280328e-02
5.7505739588e-01 -4.1646021726e-01 7.0418028863e-01
2.8904368929e-01 9.0865058166e-01 3.0134343551e-01
-7.6535138148e-01 3.0249097256e-02 6.4290143489e-01
6.9694241405e+00 2.8003852851e+00 3.4690533738e+00
6.2202443644e+02 -2.7169823461e-02 1.5917234600e-02
8.3822774976e-01 -2.9965936910e-01 4.5560783800e-01
2.7055420655e-01 9.5393468109e-01 1.2964970315e-01
-4.7347086589e-01 1.4590638177e-02 8.8068862399e-01
4.7239423244e+00 1.1861817813e+00 5.4773305447e+00
6.2444465332e+02 -3.9562176148e-02 1.0252026140e-02
9.2726977876e-01 -2.1957446533e-01 3.0324546422e-01
1.9540996095e-01 9.7472860666e-01 1.0825474825e-01
-3.1935200728e-01 -4.1124172143e-02 9.4674341715e-01
2.9920849849e+00 9.2471006775e-01 6.2128426154e+00
6.1834754895e+02 -1.7934661856e-02 -4.3390914787e-02
5.6910256535e-01 -4.4940343678e-01 6.8859191189e-01
5.0648000204e-01 8.5129836584e-01 1.3700036443e-01
-6.4776560394e-01 2.7079077409e-01 7.1208993746e-01
6.8669404175e+00 1.1648906766e+00 3.8606180904e+00
-2.4477484740e-01 8.3879553771e-01 -8.9828399281e+00
191 128 0
4 1 220 -9.0600 169.4142 4 131 -62.6070 208.1202 13 156 -58.9410 194.6927 18 1791 -39.5550 199.7604
-3.1646717887e-01 8.1194741799e-01 -8.9859944537e+00
168 104 10
3 1 244 -29.5560 161.5043 4 172 -82.3520 199.1125 13 192 -77.2770 185.3525
-3.1630577371e-01 7.6864292891e-01 -8.9769844244e+00
134 88 0
8 1 289 -30.1630 148.9600 4 223 -82.4230 186.9253 18 1844 -53.8390 179.4778 6 2122 72.5060 148.4805 8 239 27.5930 173.2213 17 1788 37.8070 183.9413 15 1582 101.2260 194.0674 16 1582 43.8360 211.7380
-3.2709193781e-01 7.5259916290e-01 -8.9883328218e+00
123 77 0
5 1 303 -32.2840 144.9494 4 246 -84.7190 181.9092 13 233 -78.1440 168.5192 18 1862 -56.0470 174.4263 8 258 25.0180 167.5104
-3.8813101540e-01 5.1196580325e-01 -9.0828404279e+00
82 52 0
2 1 562 -46.9950 74.8550 4 495 -94.5220 107.0560
-1.5073572253e+00 6.3007109517e-01 -1.1805776066e+01
193 171 30
2 1 578 -144.4260 70.2760 4 790 -190.2360 28.7520
1.7130180636e+00 2.4161672456e-01 -1.1825397739e+01
206 181 60
2 1 789 256.4560 18.6790 4 895 215.8490 6.6700
-1.5591698768e+00 2.9259029246e-02 -1.0535467912e+01
207 187 57
4 1 891 -208.2770 -17.2940 4 1098 -255.8249 -47.5790 6 2567 -220.3960 -50.8020 8 1217 -250.4061 -103.5480
-1.5591698768e+00 2.9259029246e-02 -1.0535467912e+01
207 187 57
4 1 892 -208.2770 -17.2940 4 1099 -255.8249 -47.5790 6 2568 -220.3960 -50.8020 8 1218 -250.4061 -103.5480
1.0797968562e+00 -4.2241529906e-02 -1.1082051606e+01
226 213 110
2 1 933 201.4380 -25.1590 4 1043 166.8720 -31.8800
1.2112428573e+00 -6.2655027524e-02 -1.1071565813e+01
201 189 70
3 1 950 221.2340 -28.8540 4 1046 186.9650 -33.5770 13 2169 146.1690 -17.9520
-1.4208201167e+00 -4.3152062358e-02 -1.0441698852e+01
233 214 83
3 1 960 -191.8710 -31.1330 4 1138 -237.3866 -58.4390 13 1093 -253.8721 -79.5720
-1.3328368414e+00 -9.1621985726e-02 -1.0392829943e+01
218 210 83
2 1 996 -179.0260 -40.0840 4 1175 -225.7865 -66.7850
-1.4968332748e+00 -1.2271111673e-01 -1.0261499312e+01
238 210 84
2 1 1029 -214.7490 -47.8530 4 1196 -263.5258 -75.2370
9.4666968972e-01 -1.6596719277e-01 -1.0764774768e+01
219 225 139
2 1 1035 193.4530 -49.2450 4 1116 161.6910 -51.9080
4.6971553474e-01 -1.7787142999e-01 -9.8939174997e+00
28 36 20
3 1 1139 142.7150 -74.1240 4 2404 113.1990 -61.9430 13 1013 100.1000 -50.6750
4.6971553474e-01 -1.7787142999e-01 -9.8939174997e+00
28 36 20
3 1 1140 142.7150 -74.1240 4 2405 113.1990 -61.9430 13 1014 100.1000 -50.6750
-7.6643544587e-02 7.9402854754e-01 -8.9898107251e+00
64 73 17
2 1 1904 37.9390 156.3511 4 1845 -13.2270 197.9445
-4.6333368124e-01 7.0119977608e-01 -9.0995620862e+00
166 101 0
2 1 1990 -65.5370 125.6160 4 1922 -117.9940 155.2416
-3.7218709283e-01 6.8033776790e-01 -9.0411711002e+00
72 44 0
2 1 1997 -43.5530 122.0610 4 320 -94.4040 156.4608
-4.1122120325e-01 5.7463189684e-01 -9.0593374116e+00
110 66 0
5 1 2077 -54.2190 92.1160 4 1971 -102.6910 125.5200 13 1883 -93.1040 114.0810 18 1966 -72.5280 116.9640 8 447 10.6700 112.4840
-1.5988580480e+00 6.6126836959e-01 -1.1875343138e+01
209 199 79
2 1 2119 -152.7120 73.7070 4 782 -199.6450 30.7750
-1.5076005526e+00 6.4996002597e-01 -1.1772228218e+01
238 219 87
3 1 2120 -145.2850 73.4640 4 2175 -192.4160 31.0020 13 2097 -231.3960 14.9510
-3.8409900289e-01 4.7529647733e-01 -9.1028383208e+00
56 37 0
4 1 2136 -45.3160 65.1920 4 2991 -92.4540 95.7050 13 2809 -82.1210 86.3660 18 530 -61.7910 88.3470
-1.5014347434e+00 5.5631210678e-01 -1.1663281513e+01
233 216 66
2 1 2146 -147.9640 61.8220 4 822 -194.9130 21.4540
-3.8720246915e-01 3.4991001665e-01 -9.1257934944e+00
38 43 9
3 1 2223 -45.7570 31.3510 4 3052 -90.2050 60.2020 13 2860 -78.1820 53.0900
1.7985764988e+00 3.0634108908e-01 -1.2034037943e+01
194 175 54
3 1 2233 257.9630 27.2460 4 2217 216.2120 12.8090 13 2900 161.8420 26.6110
-1.2874629418e+00 2.8920148294e-01 -1.1167630675e+01
205 186 47
4 1 2234 -137.0810 27.0400 4 2277 -183.7330 -7.6750 18 3241 -258.8520 -40.2810 8 3485 -210.7450 -49.2310
1.0777468944e+00 -2.1524944703e-02 -1.1087545693e+01
80 61 0
2 1 2366 200.6770 -22.0210 4 2339 166.4170 -28.8760
1.2333049986e+00 -5.1589736497e-02 -1.1061140320e+01
229 210 89
2 1 2382 224.7850 -27.0640 4 1042 190.3050 -31.6320
9.2123899903e-01 -1.9240133940e-01 -1.0716684843e+01
208 214 133
2 1 2437 191.4050 -54.4400 4 1131 159.9470 -56.5430
5.4539243833e-01 -1.2637336611e-01 -9.9144765471e+00
7 25 1
2 1 2459 158.4740 -63.7510 4 2375 125.9790 -50.9370
5.9956492356e-01 -4.1552280833e-01 -1.0238639717e+01
141 152 76
3 1 2552 154.2060 -105.8330 4 2498 127.9910 -103.6750 13 1129 110.5910 -87.4740
5.4727261311e-01 -5.7247436253e-01 -9.9537067233e+00
181 191 94
2 1 2655 154.6620 -148.4080 4 2597 132.1880 -141.8150
-7.3698278806e-01 -5.0818888140e-01 -9.2352455196e+00
214 221 141
2 1 2724 -127.9930 -177.9820 4 2668 -166.6540 -177.7220
1.4679864893e+00 1.4619830759e+00 -1.1961796871e+01
118 129 71
2 1 2936 223.9870 169.8799 4 2904 167.3920 148.1622
-2.1820745728e-01 7.8840080473e-01 -8.9689132294e+00
80 51 0
6 1 2953 -2.0850 155.6786 4 1849 -54.2260 195.9481 13 1759 -49.5780 183.6156 18 1820 -29.0480 188.6826 6 2101 101.0560 158.8477 8 205 50.2090 182.5872
-4.7790769501e-02 7.7169271085e-01 -8.9829039115e+00
27 43 0
2 1 2963 46.2920 150.2981 4 2858 -4.7300 193.0318
-3.0525936039e-01 7.4804088683e-01 -8.9868314009e+00
80 52 0
3 1 2971 -26.0930 143.3247 4 2869 -78.5910 181.4138 13 1786 -71.5540 168.8262
-3.4508395881e-01 7.2224903129e-01 -9.0066172662e+00
73 46 0
3 1 2986 -36.9720 135.0650 4 2876 -88.6180 171.7523 13 1806 -81.5100 158.8876
-3.9837223926e-01 5.9996377935e-01 -9.0464429546e+00
92 47 0
3 1 3054 -50.5910 99.6760 4 2919 -100.3900 133.4320 13 2731 -90.9780 122.0030
-3.9164170483e-01 5.4817735935e-01 -9.0671951721e+00
90 50 0
2 1 3068 -48.4640 84.9830 4 2940 -96.5830 117.9560
-3.8357028290e-01 5.4344804511e-01 -9.1013034514e+00
112 80 23
2 1 3071 -44.6830 83.0220 4 3575 -93.5190 114.3560
-3.7472395558e-01 5.2702455994e-01 -9.1047033772e+00
58 30 0
3 1 3078 -42.6700 78.9260 4 3579 -90.7320 109.8580 13 3365 -81.3750 99.4020
-4.1762713745e-01 4.5501341794e-01 -9.0802189751e+00
88 63 12
6 1 3118 -54.8210 59.4390 4 3598 -101.8950 91.5050 13 2813 -90.2860 81.3720 18 3048 -68.0290 83.6050 6 2356 46.1080 47.7760 8 1954 15.8130 80.3400
-5.3389527601e-01 4.5136419016e-01 -9.1069932768e+00
36 40 4
3 1 3119 -84.3200 58.0220 4 3011 -132.7760 86.8150 13 2826 -121.6260 74.7210
1.7854726487e+00 2.9731285797e-01 -1.1902282589e+01
120 102 3
2 1 3163 262.2060 25.7550 4 2218 220.5760 13.2460
1.8277361506e+00 2.2135586746e-01 -1.1864612015e+01
192 169 50
2 1 3184 269.4050 16.0720 4 2242 227.6950 4.7220
-1.2375058394e+00 1.1793008380e-01 -1.0829475196e+01
226 211 69
2 1 3208 -143.6060 -0.4930 4 3174 -188.5520 -30.3650
-1.4300438727e+00 -2.4974993258e-02 -1.0463426668e+01
160 141 10
4 1 3248 -191.7380 -27.3450 4 2383 -238.2941 -55.6260 13 3045 -254.7533 -76.3620 6 3420 -195.1220 -58.0660
-1.4322037845e+00 -2.5938797520e-02 -1.0468967298e+01
160 141 10
7 1 3249 -191.7380 -27.3450 4 2384 -238.2941 -55.6260 13 3046 -254.7533 -76.3620 18 3307 -287.8018 -98.3150 6 3421 -195.1220 -58.0660 8 3087 -223.4995 -107.4650 17 3099 -249.9960 -118.0100
9.2772753831e-01 -1.5163955335e-01 -1.0753221540e+01
89 95 19
2 1 3274 190.5730 -47.1620 4 2370 159.4190 -49.8410
4.7177394113e-01 -1.0376744676e-01 -9.9888819599e+00
225 237 173
2 1 3293 140.2590 -56.7980 4 3727 108.8180 -47.3360
8.8257160443e-01 -2.1277222528e-01 -1.0650351165e+01
225 231 152
2 1 3296 187.4700 -59.1500 4 3221 157.1780 -60.5280
6.2411527019e-01 -4.0627239045e-01 -1.0216794605e+01
173 183 99
2 1 3362 159.5810 -105.2580 4 3279 133.3260 -101.9640
-7.5414172122e-01 -4.8631795883e-01 -9.2988892152e+00
63 72 6
3 1 3475 -127.9030 -167.9740 4 2651 -167.4180 -168.8130 13 2501 -140.3790 -175.9050
-2.4807490530e-01 7.9837783681e-01 -8.9611633215e+00
136 89 0
4 1 3657 -10.8360 158.6283 4 2848 -63.3200 199.2156 13 2667 -57.1220 186.7756 18 2895 -37.0700 191.4029
-2.0144465899e-01 7.7516142592e-01 -8.9730510297e+00
67 60 13
2 1 3659 2.9860 151.8012 4 3512 -49.4470 192.3640
-3.4405447025e-01 6.8901883449e-01 -9.0165484410e+00
59 50 3
4 1 3680 -36.3850 126.2230 4 2894 -88.7990 160.4410 13 3327 -78.5090 149.9370 8 2740 22.8000 147.7006
-4.0044836594e-01 6.4553259123e-01 -9.0180956176e+00
117 73 9
2 1 3693 -52.4060 113.1810 4 3546 -102.5130 148.4596
-1.5163344897e+00 5.9377848843e-01 -1.1689863837e+01
206 185 42
6 1 3742 -149.6270 66.0080 4 3090 -195.6510 25.1220 13 2925 -234.1872 8.2570 18 3739 -294.7354 -8.5070 6 4295 -212.3280 62.0740 8 3829 -254.6136 -19.5950
-4.8500103603e-01 4.4784789328e-01 -9.0857640716e+00
31 20 0
6 1 3748 -72.7440 57.4120 4 4022 -120.2370 87.7110 13 3814 -107.8810 76.6860 18 4082 -86.5010 78.3760 6 4314 27.6660 42.8150 17 3842 12.0250 82.8150
-1.7501806853e+00 3.3517509449e-01 -1.1125664031e+01
228 206 69
2 1 3763 -204.0250 33.4000 4 3134 -252.1497 -4.6050
-1.6721056450e+00 3.1323427220e-01 -1.1109414261e+01
222 196 57
4 1 3768 -194.2990 30.5480 4 3137 -240.9404 -6.6120 13 3473 -273.0515 -27.8720 6 4628 -238.4348 8.4020
-1.4853243713e-01 2.8501681469e-01 -8.9952602054e+00
29 40 1
2 1 3784 16.2930 12.1550 4 3638 -24.3820 53.0420
5.1435486065e-01 -5.2458542806e-01 -9.9508432978e+00
162 173 81
3 1 3938 147.8160 -139.2090 4 3819 125.6050 -132.5460 13 3564 115.6130 -113.8210
-6.9431249125e-01 -3.9801879733e-01 -9.2503898281e+00
40 58 10
2 1 3958 -116.4640 -150.8160 4 3825 -156.5100 -146.6680
6.1396901136e-01 -5.7348845824e-01 -9.9220924320e+00
201 208 105
2 1 3960 168.2560 -150.5040 4 4174 147.9840 -141.9820
-2.9346911506e-01 8.0313350354e-01 -8.9795544453e+00
218 164 26
4 1 4098 -22.7700 159.2354 4 2850 -76.1200 197.7162 13 2673 -70.8120 184.2228 18 3556 -50.0910 189.6407
-4.5271831505e-02 7.3423984646e-01 -8.9938858032e+00
23 40 4
2 1 4102 47.2050 139.0420 4 3964 -3.7160 181.5622
-4.2399916611e-01 6.5149839813e-01 -9.0086500744e+00
119 66 0
3 1 4125 -59.1640 114.9420 4 3987 -109.5470 150.5930 13 3771 -100.3910 137.7050
-4.3707051217e-01 6.0697378647e-01 -9.0299305830e+00
124 71 1
3 1 4141 -61.8160 102.0360 4 3996 -112.0420 135.4980 13 3775 -101.8510 124.4000
-3.6516333247e-01 5.6407622805e-01 -9.0849923871e+00
52 26 0
3 1 4155 -40.4290 88.8110 4 4008 -89.0360 121.4320 13 3779 -80.8620 110.9510
-4.1530651313e-01 5.5604600401e-01 -9.0533740206e+00
132 88 9
2 1 4157 -55.2500 87.4440 4 4305 -103.9590 120.6910
-3.4253305815e-01 5.4092882989e-01 -9.0750066476e+00
73 65 3
6 1 4163 -34.9600 82.3660 4 4009 -82.2660 116.4650 13 3783 -74.0370 106.8840 18 4348 -52.8340 109.4540 6 4599 64.4370 76.4690 8 3759 27.2000 105.9700
-4.3733123920e-01 4.3650648174e-01 -9.0736628706e+00
14 13 0
3 1 4175 -60.4670 54.3860 4 4024 -107.3310 86.1300 13 3815 -95.2160 76.1450
2.1886435588e+00 5.2766005651e-01 -1.2600698369e+01
121 110 23
3 1 4181 279.0900 51.7790 4 3656 233.4090 33.2410 13 3415 172.0120 47.2010
-4.3584668270e-01 4.0575069567e-01 -9.0932236000e+00
10 24 2
2 1 4185 -60.0030 46.1980 4 4029 -105.2350 76.6520
-3.5651618689e-01 1.4803364979e-01 -8.9713062615e+00
15 28 0
2 1 4234 -42.9110 -26.0120 4 4353 -83.0150 10.1470
1.3577832126e+00 -1.0147506415e-01 -1.1019691148e+01
215 202 76
2 1 4237 245.0570 -35.2660 4 4086 211.0420 -37.6460
4.0238586803e-01 -1.6396404504e-02 -1.0102688425e+01
63 68 1
2 1 4239 122.7210 -37.0530 4 3714 91.1140 -31.3750
-4.9861236843e-01 -1.0874614049e-01 -9.0629129571e+00
16 36 2
2 1 4266 -77.5740 -91.3210 4 4103 -116.7840 -67.9040
-5.9946522573e-01 -2.5380734552e-01 -9.1124559354e+00
25 48 6
2 1 4298 -101.5410 -125.4150 4 4148 -140.2280 -110.1190
4.7916782476e-01 -5.4012653193e-01 -9.8539807619e+00
166 175 82
3 1 4312 145.2500 -147.8790 4 4170 122.1980 -139.3470 13 3568 115.3060 -119.5250
5.5976234672e-01 -5.6633146995e-01 -9.8414214393e+00
202 208 110
3 1 4319 161.1200 -154.3430 4 4173 141.1720 -142.9990 13 3571 131.5590 -122.8680
3.2891186786e-01 -6.0038462121e-01 -9.6959644243e+00
162 172 83
2 1 4330 118.1790 -169.1750 4 4198 98.1830 -160.3560
4.3967173679e-01 -6.6758174486e-01 -9.6302560987e+00
181 189 93
2 1 4347 143.4230 -188.1540 4 3858 127.2290 -176.6210
-4.0963731769e-02 8.1611255881e-01 -9.0003210688e+00
35 12 10
2 1 4414 47.7080 162.0928 4 4469 -3.1700 203.4423
-1.7991760843e+00 8.9030082261e-02 -1.0616283823e+01
247 223 91
3 1 4472 -240.3219 -5.4680 4 4368 -290.2869 -39.5690 6 4914 -266.3570 -47.0880
1.3203063627e+00 2.5075393921e-03 -1.1237559752e+01
226 206 78
2 1 4482 229.6680 -17.0490 4 4364 193.8550 -23.7130
-2.9008264203e-01 1.0371769724e-01 -9.0154468071e+00
20 37 1
3 1 4489 -22.4710 -37.3810 4 4510 -62.1570 -2.2210 13 4131 -41.4110 -5.3160
-1.5615269812e+00 -2.1919489418e-01 -1.0099402252e+01
237 217 86
3 1 4503 -236.5782 -69.1130 4 4133 -288.0295 -96.1720 13 4178 -295.8671 -121.4550
-4.8755310957e-01 -2.6969590544e-02 -9.0250341737e+00
15 32 0
2 1 4505 -76.8290 -71.5020 4 4372 -116.2990 -44.2440
-4.5561194133e-01 -3.9618871061e-02 -9.0691875117e+00
15 31 2
2 1 4507 -65.7230 -72.9520 4 4373 -105.5340 -47.3270
4.2347573836e-01 -1.9247357963e-01 -9.8572173390e+00
3 4 7
2 1 4514 134.6100 -78.3990 4 4384 105.5370 -66.6210
2.6930130810e-02 7.3530578093e-01 -9.1210717270e+00
67 67 4
2 1 4602 64.4690 133.8940 4 4639 16.5140 170.6728
-3.2822993822e-01 6.2112228334e-01 -9.0491226970e+00
64 60 5
7 1 4609 -32.1330 106.2470 4 4484 -80.7420 140.9188 13 4255 -72.6670 128.9610 18 4515 -52.3910 132.8060 6 4889 67.9380 100.6950 8 4246 28.3810 127.9380 17 4098 36.6810 138.4650
-3.4042619409e-01 4.8542540881e-01 -9.0749996130e+00
71 68 7
5 1 4621 -34.6850 67.3170 4 4490 -81.5560 100.9790 13 4265 -70.8640 91.4540 18 4524 -49.2960 95.2130 6 4794 67.3620 61.8200
-3.4089172619e-01 4.8317310024e-01 -9.0699227387e+00
71 68 7
3 1 4622 -34.6850 67.3170 4 4491 -81.5560 100.9790 13 4266 -70.8640 91.4540
-3.4131460820e-01 4.8379618187e-01 -9.0712077060e+00
71 68 7
2 1 4623 -34.6850 67.3170 4 4492 -81.5560 100.9790
-4.4405553979e-01 4.6877713288e-01 -9.0749805616e+00
143 100 7
8 1 4626 -62.0910 63.3470 4 4493 -110.0480 94.9590 13 4267 -97.9540 84.4400 18 4528 -75.8400 86.4700 6 4798 39.5110 50.2480 8 4257 9.1350 83.1880 17 4294 20.6750 91.3000 15 3901 87.4310 96.8520
1.8414836201e-01 4.5171502802e-01 -9.3385671317e+00
63 64 0
2 1 4629 100.0890 55.5800 4 4595 57.3230 85.8440
-1.3378684231e+00 -6.5108757786e-02 -1.0427016207e+01
230 213 83
4 1 4640 -177.9320 -34.6100 4 4524 -225.0162 -62.1700 13 4300 -238.6986 -80.9380 18 4710 -267.6708 -101.5370
-1.4804261309e+00 -6.2060966855e-02 -1.0352707774e+01
188 163 34
6 1 4641 -206.8050 -36.2020 4 4382 -253.7294 -63.7790 13 4303 -268.6884 -86.2450 6 4918 -205.5800 -72.0010 17 4437 -255.7324 -127.9240 5 5485 -276.0107 -143.3120
-1.4803642940e+00 -6.2288621216e-02 -1.0353043716e+01
188 163 34
7 1 4642 -206.8050 -36.2020 4 4383 -253.7294 -63.7790 13 4304 -268.6884 -86.2450 18 4665 -299.0288 -108.6380 6 4919 -205.5800 -72.0010 17 4438 -255.7324 -127.9240 5 5486 -276.0107 -143.3120
1.5100146050e+00 -1.2976586588e-01 -1.1015047928e+01
184 153 30
3 1 4644 267.6790 -40.1760 4 4521 234.5030 -40.2940 13 4288 189.3320 -20.4100
1.6589946198e-01 -3.8857477681e-01 -9.6779819952e+00
76 82 12
3 1 4669 85.0520 -125.6940 4 4539 58.7110 -115.6520 13 4311 59.7710 -104.0760
-1.2587140352e+00 -4.6603333151e-01 -9.5488841620e+00
235 236 142
2 1 4672 -222.1919 -142.7990 4 4550 -271.1741 -160.1310
3.8412875318e-01 -5.5344903442e-01 -9.8702459341e+00
127 135 60
7 1 4675 124.9000 -148.9360 4 4543 102.4030 -141.9650 13 4180 97.1110 -125.4080 18 4433 91.4500 -117.3790 6 4832 176.7130 -108.3420 8 4143 149.1610 -108.4250 17 4196 130.3050 -95.0670
-3.7535349407e-01 6.1135850303e-01 -9.0570620466e+00
57 25 0
7 1 4714 -44.4280 104.6870 4 4585 -93.5490 138.2390 13 4359 -85.1010 125.9900 18 4634 -65.0650 128.5550 6 4963 54.1930 95.4660 8 4353 17.6230 121.1840 17 4375 26.9320 129.7310
1.8693226606e+00 1.2686808153e-01 -1.1688750238e+01
210 186 59
3 1 4725 282.3070 3.5770 4 4511 242.4620 -5.1180 13 4123 190.0130 11.4580
-1.1848632124e+00 -1.9506027176e-01 -1.0111546328e+01
239 243 146
2 1 4734 -169.1110 -65.5580 4 4532 -214.9240 -86.7440
-5.3276120922e-01 -2.7587609316e-01 -9.0897303658e+00
29 51 13
3 1 4743 -84.8840 -133.1070 4 4617 -122.6890 -116.1160 13 4390 -92.3750 -118.3260
-1.6770260955e-01 -7.7097540712e-01 -9.3775109148e+00
165 171 98
2 1 4757 12.1200 -229.5300 4 4673 -10.3870 -227.5740
-3.1028218081e-01 5.7360915979e-01 -9.0699863638e+00
58 57 0
7 1 4775 -26.1910 92.1890 4 4641 -74.6510 126.8530 13 4421 -66.3270 116.4750 18 4700 -46.4520 119.5060 6 4964 72.6900 87.7290 8 4354 33.5160 115.4970 17 4376 42.0230 124.0210
-4.0844798188e-01 4.2299289350e-01 -9.0787337145e+00
6 12 0
2 1 4777 -52.4950 50.8630 4 4646 -99.1420 82.6330
-3.5653351443e-01 -8.8465656989e-02 -9.0601485103e+00
16 33 0
2 1 4781 -39.4530 -86.7830 4 4661 -77.0390 -59.4120
8.1535989095e-01 -5.2381185670e-01 -1.0032286208e+01
226 229 126
4 1 4787 203.2940 -137.0590 4 4618 181.0130 -125.4040 13 4386 162.4720 -101.7360 18 4573 144.4480 -90.4600
3.2415568661e-01 -6.5651799674e-01 -9.6321271073e+00
166 176 87
2 1 4794 119.4510 -185.4000 4 4668 99.9200 -175.9870
-3.3199803521e-01 -4.5724680004e-01 -9.3091269908e+00
84 86 21
3 1 4823 -26.9000 -162.9230 4 4716 -58.3050 -152.0810 13 4467 -35.5120 -150.1800
-2.1330017776e-01 -6.8732793018e-01 -9.3562340990e+00
34 49 8
6 1 4826 2.6740 -211.5900 4 4718 -23.6880 -208.4940 13 4471 -0.2460 -198.7580 18 4758 25.7140 -195.5950 8 4466 107.2880 -183.6570 17 4493 113.9010 -170.9300
2.2267705296e-01 5.2272499795e-01 -9.3993863487e+00
56 54 2
2 1 4836 107.7310 72.1960 4 4709 64.0060 100.2620
-6.2460433175e-01 -5.8043477146e-01 -9.2220987050e+00
26 38 0
2 1 4855 -100.0070 -197.0600 4 4739 -137.4520 -196.2270
-5.1825492844e-01 -4.3706432061e-01 -9.3087531893e+00
45 61 19
2 1 4870 -72.5490 -156.9010 4 4749 -105.9690 -151.3560
-2.2847662430e-01 7.9480045177e-01 -8.9655631858e+00
116 83 5
2 1 256 -5.0430 157.9044 13 193 -52.2510 185.3132
-2.7701077175e-01 7.7556407683e-01 -8.9722090166e+00
121 80 6
5 1 271 -17.7340 152.5898 13 1771 -67.0870 176.6150 18 1834 -44.9170 182.4467 6 304 85.4680 152.9395 8 224 37.7600 177.2564
-3.7051379285e-01 7.5929029113e-01 -9.0089352842e+00
122 66 4
2 1 301 -44.0520 145.4350 13 236 -89.8280 167.6775
-3.9808687276e-01 6.7415861924e-01 -9.0265758960e+00
105 61 9
2 1 388 -51.1630 120.7930 13 312 -93.9670 142.9636
-3.8190068126e-01 6.6875349834e-01 -9.0286721006e+00
90 58 6
3 1 394 -46.6360 119.0130 13 314 -89.1780 141.4730 18 334 -68.8240 146.3865
-1.4095703434e+00 8.8763694324e-01 -1.2330629889e+01
229 227 123
3 1 474 -117.7790 96.0320 13 702 -209.4760 35.9810 6 3189 -197.7360 103.6900
8.2955562122e-02 5.6035631379e-01 -9.2900323129e+00
70 71 4
2 1 526 76.4560 83.5160 13 427 25.4360 110.1010
-1.7540378346e+00 5.1382704547e-01 -1.1562014860e+01
215 203 86
2 1 626 -184.2410 56.9630 13 2149 -270.1149 -5.3240
-1.3349630984e+00 -1.2197963567e-01 -1.0250128226e+01
231 220 104
2 1 1033 -188.1360 -48.4230 13 1154 -244.5298 -92.9360
4.1325001919e-01 -5.7793570193e-01 -9.8174610183e+00
161 171 85
2 1 1427 132.2730 -157.2760 13 1297 106.3880 -130.2700
-3.3839104065e-01 7.5852538904e-01 -8.9950955681e+00
153 106 22
2 1 1931 -35.5330 145.9290 13 1782 -81.0060 169.7027
-1.7281618659e+00 1.7299127735e-01 -1.0778692102e+01
253 233 100
2 1 2283 -219.9340 8.3360 13 2243 -295.4949 -50.1810
-1.7281618659e+00 1.7299127735e-01 -1.0778692102e+01
253 233 100
2 1 2284 -219.9340 8.3360 13 2244 -295.4949 -50.1810
3.9280987932e-01 1.1700192806e-01 -9.7762229688e+00
66 74 23
2 1 2354 132.4170 -17.3780 13 2120 82.3910 6.2520
3.5483978319e-01 9.3896983292e-02 -9.7147839813e+00
69 70 2
2 1 2370 126.7820 -23.7470 13 2134 78.5550 1.9790
-1.5495197402e+00 -2.7979205105e-01 -9.8716284505e+00
235 212 89
3 1 2504 -252.6718 -87.2200 13 2430 -308.1023 -139.9660 8 2530 -237.8814 -177.0890
-5.6161081420e-01 -6.9722301852e-01 -9.3050736566e+00
66 73 28
2 1 2828 -82.3550 -217.0480 13 2595 -82.9560 -220.0500
-5.0404257579e-01 -7.0579457165e-01 -9.3259466093e+00
73 82 29
2 1 2830 -68.1830 -217.2980 13 3219 -68.1830 -218.1110
-4.1204617310e-01 7.0634692060e-01 -9.0512641955e+00
121 73 0
2 1 2994 -54.6210 129.2600 13 2701 -98.2990 148.4463
-2.6570815951e-01 4.8633316096e-01 -9.0558172244e+00
50 53 6
2 1 3104 -15.2360 68.8050 13 1922 -50.2200 95.2760
-2.8904068830e-01 1.3197284468e-01 -9.0436455201e+00
13 29 3
2 1 3251 -21.4930 -28.7450 13 2945 -42.7800 1.9970
-2.8969459510e-01 7.0955115857e-01 -9.0348631319e+00
50 47 2
2 1 3679 -21.2530 130.5820 13 3318 -65.9570 154.5543
1.4053868918e-01 6.0486685991e-01 -9.3547049582e+00
55 53 3
2 1 3718 88.9330 93.7300 13 2744 34.7630 117.4210
-4.2413400533e-01 -7.5596535582e-03 -9.0858313087e+00
13 29 2
2 1 3858 -56.8610 -63.7700 13 3489 -73.5700 -41.6530
5.5746409505e-01 -5.3570238115e-01 -9.9149723917e+00
190 196 96
2 1 3950 158.0910 -143.9380 13 3566 125.3810 -114.7460
-7.0380643036e-01 -5.1638893340e-01 -9.3362662430e+00
50 68 26
2 1 3977 -114.6710 -171.7430 13 3167 -125.0620 -179.7170
-3.8940349931e-01 5.7904343153e-01 -9.0773015517e+00
107 71 3
2 1 4149 -47.2540 93.1270 13 3778 -87.7810 114.5160
-4.6437436905e-01 4.9497600216e-01 -9.0703693773e+00
116 72 2
7 1 4171 -66.4150 69.7230 13 3802 -105.6890 90.5950 18 4354 -83.3110 92.8810 17 3834 14.4840 96.8080 15 3595 83.0660 102.9280 16 3533 34.4640 118.7940 19 3313 37.9970 31.8820
-4.3420035433e-01 4.0483629771e-01 -9.0685409562e+00
10 24 2
2 1 4186 -60.0030 46.1980 13 3820 -92.6900 67.8940
-4.4808571376e-01 2.2338560499e-01 -9.1376885307e+00
4 15 1
2 1 4216 -60.3540 -2.3340 13 3849 -90.0990 17.8690
-3.3410337558e-01 5.0291327859e-02 -9.0088489742e+00
17 33 2
2 1 4242 -34.5730 -52.1570 13 3868 -51.1940 -21.1960
2.8208068023e-01 -9.8237886988e-02 -9.7167177395e+00
77 76 10
2 1 4251 110.0650 -63.7230 13 3488 70.9970 -39.4730
-6.5386745856e-01 -4.4144827767e-01 -9.2169314765e+00
44 62 22
2 1 4326 -109.2610 -163.6950 13 4197 -116.6820 -164.0070
-3.0055757993e-01 2.9140906985e-01 -9.1574659821e+00
18 28 0
2 1 4464 -22.2110 16.0310 13 4113 -53.7130 39.3990
-3.8246638186e-01 2.4800938436e-01 -9.2145046111e+00
47 55 6
2 1 4634 -42.2930 6.0870 13 4280 -72.9170 23.3080
-1.5299994130e+00 -1.2108977919e-02 -1.0466483442e+01
244 223 95
6 1 4637 -208.0070 -25.2300 13 4299 -272.3666 -76.5660 18 4574 -307.0995 -99.3850 6 4916 -215.1620 -60.4600 8 4383 -243.3296 -110.0190 17 4436 -272.0479 -122.3570
-2.3607170184e-01 1.2321687931e-01 -9.0138010135e+00
18 31 0
2 1 4639 -7.2500 -32.4910 13 4285 -27.8450 2.6930
-7.2767696840e-01 -1.3643293180e-01 -9.3858954174e+00
231 236 136
2 1 4655 -118.2730 -81.0130 13 4306 -143.6990 -85.7000
-4.2940408626e-01 -1.0894839659e-01 -9.0411516926e+00
21 41 3
2 1 4659 -59.5090 -93.1700 13 4297 -71.0160 -69.0760
-3.6108419474e-01 4.0267094779e-01 -9.1143360720e+00
51 58 2
6 1 4720 -38.6750 45.4820 13 4364 -73.0260 68.9930 18 4643 -52.8380 70.9210 6 4900 61.4740 36.0150 8 4360 29.1820 67.9690 17 4380 38.7200 74.6820
-3.6023949650e-01 3.0360327089e-01 -9.1473198108e+00
52 60 3
2 1 4814 -37.8750 19.1860 13 4457 -69.5320 40.8310
1.5527237057e-01 -6.3893022741e-02 -9.6824759625e+00
84 86 13
2 1 4842 83.3080 -56.6930 13 4482 46.8190 -36.8040
4.5403918346e-01 -1.4293936224e-01 -9.6533195123e+00
1 6 0
2 1 4851 148.7920 -75.8240 13 4483 110.4010 -42.9300
-1.9699797945e-01 8.0346290721e-01 -8.9732947606e+00
106 82 12
2 4 170 -48.4760 200.2017 13 179 -44.2890 187.8070
-3.1021716054e-01 7.5842220496e-01 -8.9808295392e+00
119 82 7
2 4 227 -80.0430 184.8494 13 223 -73.2530 171.9732
-3.7089481816e-01 5.9639321694e-01 -9.0846400860e+00
71 42 2
2 4 410 -91.1020 130.0960 13 387 -83.5090 119.0200
-1.6880087836e+00 4.4014701907e-01 -1.1261920102e+01
232 216 99
2 4 883 -236.5995 9.4760 13 883 -271.5069 -11.0980
1.3810672851e+00 -1.0639440040e-01 -1.1151102570e+01
215 203 82
2 4 1066 207.8090 -38.5600 13 935 165.2730 -21.0940
-1.4760630203e+00 -5.5993048882e-02 -1.0304491944e+01
194 170 46
2 4 1160 -256.9695 -62.6170 13 2320 -270.6324 -84.2320
-1.5082895092e+00 -1.4219902477e-01 -1.0200583420e+01
235 214 87
3 4 1213 -269.9818 -79.6960 13 1201 -280.5051 -103.0600 18 3352 -306.9214 -127.7490
-4.7161517173e-01 -7.0092582418e-01 -9.2924388131e+00
84 92 32
2 4 1721 -90.7300 -221.0720 13 1578 -60.3260 -217.2070
-7.1320178737e-01 -6.8423166618e-01 -9.2561493641e+00
167 169 82
2 4 1729 -156.4230 -223.7920 13 1618 -122.7910 -227.2610
-7.3202192928e-02 8.2401610967e-01 -8.9887511341e+00
97 80 2
3 4 1830 -13.3430 206.2594 13 155 -12.5130 194.9830 8 166 78.7370 194.0531
-1.7638872824e-01 8.0640816478e-01 -8.9554777063e+00
154 125 38
2 4 1836 -42.8830 203.3531 13 1743 -38.4840 191.0627
-3.0221693000e-01 8.1531052151e-01 -8.9862340061e+00
147 89 0
2 4 1843 -78.4870 200.1059 13 1752 -73.4030 186.6881
-4.1508577574e-01 4.7953045646e-01 -9.0840862151e+00
100 65 0
3 4 2032 -101.4330 98.3450 13 1942 -90.9140 87.0330 18 526 -69.1810 89.4560
-1.4269109403e+00 7.0310182344e-01 -1.1852897659e+01
236 217 94
2 4 2159 -179.0190 37.2330 13 2908 -220.0538 22.1360
-1.3946383424e+00 1.8527367609e-01 -1.0941418675e+01
215 196 65
2 4 2311 -207.8500 -21.8920 13 983 -233.7775 -40.2940
-2.1387084809e-01 -7.2220716248e-01 -9.3506724484e+00
65 70 15
2 4 2776 -22.5550 -217.7060 13 2569 2.0370 -206.5380
-2.9430008979e-01 8.0462448024e-01 -8.9837026894e+00
220 170 41
2 4 2849 -76.1200 197.7162 13 2672 -70.8120 184.2228
-4.1558940791e-01 6.0117454279e-01 -9.0463619438e+00
122 73 4
3 4 2916 -105.1630 133.6410 13 2730 -95.5730 121.9370 18 1954 -74.5920 124.6810
-4.3008248410e-01 5.2595607098e-01 -9.0575892312e+00
131 83 13
4 4 2948 -107.6400 111.5500 13 2776 -96.5590 100.6030 18 3014 -74.4450 103.7580 8 1918 9.7770 99.3670
-4.5857860193e-01 5.1526524844e-01 -9.0615390559e+00
130 78 9
2 4 2961 -115.2310 107.7470 13 1919 -103.8180 97.0250
-5.0902201803e-01 5.1345099339e-01 -9.0801086134e+00
122 73 0
2 4 2964 -128.3300 105.2340 13 2787 -117.1610 93.5210
-3.9942108880e-01 4.9027596885e-01 -9.0710592534e+00
91 58 0
2 4 2970 -97.9290 101.4290 13 1930 -86.9270 91.7840
-4.6030391771e-01 4.1976863691e-01 -9.0407320309e+00
17 30 4
2 4 3017 -115.2660 83.1510 13 2828 -100.6580 72.3410
-3.6153650175e-01 8.0661747864e-02 -9.0207922490e+00
8 26 2
2 4 3143 -82.4150 -10.7780 13 2971 -59.8010 -14.3450
-1.2690062557e+00 8.9876299541e-02 -1.0991147257e+01
232 218 85
2 4 3184 -185.8070 -34.7790 13 3496 -210.2920 -52.5110
3.6673283616e-01 -4.8328273569e-01 -9.8726029333e+00
96 107 45
2 4 3329 97.7960 -128.1210 13 3092 91.6610 -112.5070
-5.1998366550e-01 -6.8393908833e-01 -9.3964438683e+00
52 60 13
2 4 3452 -99.8080 -210.2250 13 3208 -73.6380 -208.9450
-3.0101494645e-01 -7.1510323627e-01 -9.4334767337e+00
86 94 35
2 4 3457 -43.8320 -211.7180 13 3199 -21.1120 -204.2910
3.8033875145e-02 7.1510820889e-01 -8.9814750402e+00
80 76 11
2 4 3526 20.5810 179.1607 13 3306 21.5280 170.2534
-5.0211680365e-01 5.6072178199e-01 -9.0774240855e+00
138 84 0
2 4 3568 -127.1990 118.5770 13 3784 -117.1490 106.0910
-3.1417522350e-01 4.9089225031e-01 -9.0839828591e+00
70 71 14
2 4 3585 -73.8000 102.5420 13 3372 -64.4220 93.7320
-5.0564107223e-01 4.7570164328e-01 -9.0917921854e+00
125 85 8
7 4 3595 -126.4940 93.8540 13 3382 -114.8790 82.6750 18 4078 -93.4910 84.5720 17 3840 4.1990 88.3620 15 3602 73.5170 93.8200 16 3538 24.3600 108.3350 19 3715 30.1190 20.2430
1.5850925135e+00 1.6611983346e-01 -1.1780080492e+01
216 198 70
2 4 3691 202.7190 -3.3030 13 2923 152.7210 10.4660
-1.6218233423e+00 7.8358362147e-02 -1.0644646963e+01
238 220 94
2 4 3722 -259.8603 -39.9910 13 3505 -282.3609 -63.2840
-4.7449686638e-01 -8.1022855619e-02 -9.0814686282e+00
10 28 3
2 4 3735 -109.7060 -59.6990 13 3506 -84.3390 -63.1440
-4.5358707616e-01 -1.2464074627e-01 -9.0536096485e+00
27 45 17
2 4 3743 -104.2630 -72.3180 13 3523 -76.8160 -73.9290
-1.5164037587e-01 -6.7808963636e-01 -9.3648291020e+00
159 169 98
2 4 3893 -7.4470 -204.0020 13 3653 14.5890 -192.4340
-6.6849020657e-02 7.4510114341e-01 -8.9600483952e+00
26 44 4
2 4 3958 -10.0020 188.0892 13 3298 -6.5910 177.0492
-1.4180391240e-01 6.7193600048e-01 -8.8911880552e+00
29 47 7
2 4 3973 -30.9790 173.5444 13 3760 -21.6730 161.5275
1.5533223345e+00 -1.9451220031e-01 -1.0994714284e+01
247 235 128
2 4 4094 242.4310 -49.6260 13 3476 198.3920 -28.5330
-1.3706729802e+00 -2.6773236357e-01 -1.0011756130e+01
248 247 155
2 4 4140 -257.0878 -104.9150 13 3919 -260.0719 -126.5550
-2.8907161820e-01 -3.8853746069e-01 -9.2747113305e+00
89 91 18
2 4 4162 -48.4180 -136.1240 13 3923 -26.8040 -131.0820
-1.6210975331e-01 -6.5076032181e-01 -9.3760751081e+00
38 50 0
5 4 4235 -10.4930 -197.0950 13 3977 10.3180 -185.4780 18 4466 34.1350 -182.0680 8 4178 112.9210 -170.6700 17 4232 116.5640 -158.3070
1.4730793093e+00 -3.5646445553e-02 -1.1282834282e+01
222 206 80
2 4 4365 213.2470 -27.9680 13 3863 168.0780 -10.9800
2.8240701239e-01 4.0311297794e-01 -9.5168111299e+00
59 59 0
2 4 4598 76.3250 67.3600 13 4272 64.0990 69.5260
1.7506758469e+00 2.0733770364e-02 -1.1515476836e+01
190 155 25
2 4 4609 237.8820 -19.2760 13 4286 187.3170 -0.4130
-9.0447892782e-01 -1.0221665009e-02 -9.4116965046e+00
230 216 83
2 4 4750 -203.4520 -47.3970 13 4518 -191.3320 -61.6060
-3.2200264684e-01 7.7954429268e-01 -8.9899442355e+00
170 116 21
2 1 270 -31.1000 152.2993 18 1837 -56.8520 180.9921
-1.3843140980e+00 8.5543628305e-01 -1.2296660202e+01
214 202 73
2 1 485 -115.5660 92.8910 18 2203 -272.6364 19.4520
-4.8915323244e-01 3.1604565441e-01 -9.0991119864e+00
7 24 0
2 1 775 -72.8730 21.3900 18 703 -80.7190 42.8650
-1.4650036065e+00 -9.3642135598e-02 -1.0275411616e+01
239 211 85
3 1 1015 -209.5330 -44.0030 18 1315 -296.9528 -115.0430 6 1268 -201.6790 -78.7560
-3.1073030387e-01 7.5557203314e-01 -8.9698906009e+00
121 82 10
2 1 1932 -28.2950 146.0662 18 225 -51.3800 177.3846
-6.8438683980e-02 7.4044747504e-01 -8.9470995349e+00
16 37 0
2 1 3663 41.1990 142.2896 18 1833 14.0620 183.1835
-1.4319167034e+00 1.6109633549e-01 -1.0868739145e+01
200 180 45
5 1 3789 -170.9040 7.2500 18 3790 -285.1339 -63.7380 6 4643 -196.4660 -13.3060 8 3879 -230.3117 -74.1810 17 4188 -267.4500 -83.4430
-1.2721855037e+00 1.9022769994e-02 -1.0586183260e+01
234 218 77
3 1 3819 -160.7480 -18.7660 18 3810 -254.7290 -82.8070 6 4364 -166.4220 -39.0310
1.7145296406e-01 3.8082445867e-01 -9.4019574855e+00
65 66 0
2 1 4190 95.3010 38.0440 18 3073 48.8450 70.6050
-1.3715375287e+00 3.4523590468e-01 -1.1227351425e+01
231 214 72
2 1 4192 -147.7500 35.1220 18 4408 -272.9345 -34.9460
1.5784497568e-01 2.4251101006e-01 -9.4905753817e+00
78 80 7
2 1 4467 89.1630 6.9670 18 3707 46.1260 35.6050
-2.9085898364e-01 7.8675983878e-01 -8.9706867878e+00
151 106 0
4 4 1853 -75.7620 193.9802 18 2911 -46.5300 186.6037 8 2692 32.6420 178.9427 17 2718 42.5210 189.7291
-3.7250560079e-01 3.3764074845e-01 -9.1361194868e+00
38 48 0
3 4 2116 -85.9490 56.9140 18 2130 -52.7650 51.6200 17 540 38.4130 58.1010
-4.1494656415e-01 6.3225548816e-01 -9.0402000457e+00
109 64 0
2 4 2911 -105.6370 142.6156 18 1932 -75.9200 133.8970
-4.7829246920e-01 4.8753645943e-01 -9.0733889163e+00
115 66 0
2 4 3587 -119.7490 99.4600 18 3658 -86.0810 89.9730
-7.8256832657e-01 -5.5632787492e-01 -9.1947937216e+00
220 226 128
2 4 4740 -181.2030 -195.9190 18 4775 -112.1740 -212.4440
-4.1635630855e-01 6.1765848725e-01 -9.0412657220e+00
114 67 0
2 13 359 -96.5420 126.4110 18 398 -75.4800 129.7330
-9.9136864669e-01 5.7568060447e-01 -1.1890005409e+01
203 184 55
2 13 792 -161.7230 13.6370 18 2257 -217.0050 0.2510
-1.0959335315e+00 1.4052374063e-01 -1.0916987699e+01
215 203 87
2 13 980 -186.3470 -39.4740 18 1107 -224.4417 -55.2380
-1.3372008983e+00 -1.0674034479e-01 -1.0344636147e+01
227 213 101
2 13 1134 -241.1062 -88.8280 18 1299 -267.6925 -110.4690
1.3697318917e-02 7.6347428161e-01 -9.0285373272e+00
70 66 14
2 13 1769 11.1550 177.6649 18 210 26.0570 182.2990
-9.0826903898e-01 3.6265399772e-01 -8.3994679433e+00
78 82 4
2 13 1954 -278.4787 78.5070 18 3666 -202.2740 80.0580
-9.5250150128e-01 2.5829588318e-01 -1.1173242893e+01
177 166 48
4 13 2174 -161.9360 -21.0010 18 3235 -203.5100 -33.3390 6 3879 -121.5610 22.5900 8 2996 -158.3630 -40.6940
-1.3372704726e+00 -1.4368013233e-01 -1.0263407520e+01
253 253 154
2 13 2339 -243.8635 -96.9520 18 2560 -267.9349 -118.3990
9.2190344822e-02 -5.2867409330e-01 -9.6959656382e+00
77 83 33
2 13 2418 48.4030 -134.9760 18 2580 53.1430 -130.7500
-2.0162495477e-01 7.7736251532e-01 -8.9768342245e+00
73 65 9
4 13 2680 -44.6410 180.3562 18 2915 -24.2520 185.4737 6 3130 105.0280 155.6429 8 2691 53.9180 179.2779
2.4859903683e+00 9.3589286488e-02 -1.1737607435e+01
95 104 53
2 13 2915 253.7850 17.5270 18 2190 187.5250 25.4430
-1.0841416998e+00 4.7459187964e-01 -1.1602996610e+01
195 176 48
4 13 2942 -176.1180 2.6750 18 3743 -229.5656 -12.2800 8 3456 -188.5870 -19.6530 17 3896 -236.7679 -23.7330
-1.0838612108e+00 4.7323571933e-01 -1.1588904634e+01
195 176 48
4 13 2943 -176.1180 2.6750 18 3744 -229.5656 -12.2800 17 3897 -236.7679 -23.7330 5 5136 -280.8657 -30.4650
-1.1191974132e+00 9.0598230289e-01 -1.2591675249e+01
244 228 93
3 13 3424 -171.7470 39.5280 18 4117 -237.8908 26.1970 8 3809 -209.5800 14.1960
-2.4135231344e-01 -7.6907306010e-01 -9.3641268772e+00
140 150 79
3 13 3680 -2.6650 -217.6100 18 3956 22.6550 -216.5180 8 3650 106.5090 -204.7860
-1.1421599408e+00 6.8511770784e-01 -1.2019218894e+01
233 215 87
4 13 3847 -180.3970 21.6120 18 4128 -238.9141 9.2930 8 3817 -205.5710 -1.3540 17 4147 -260.1785 -4.2220
-4.4188344854e-01 -1.4832134572e-01 -9.0552779438e+00
13 36 0
2 13 3894 -72.5880 -80.1610 18 4185 -36.9150 -81.0770
-3.0529582625e-01 -5.2835474400e-01 -9.3474071357e+00
59 62 5
2 13 3955 -27.0730 -163.7640 18 4244 -2.3670 -163.6960
-5.1556875310e-01 -6.4563036204e-02 -9.0615426394e+00
13 31 0
4 13 4153 -96.3440 -61.1650 18 4413 -62.0530 -62.4620 8 4121 30.5710 -58.2580 17 4177 50.2240 -51.9610
-4.1413840120e-01 4.3216074219e-01 -9.1050783055e+00
14 13 9
7 13 4363 -87.6800 74.4770 18 4642 -67.1520 76.7060 6 4898 47.3830 40.9820 8 4259 15.4550 73.7400 17 4115 25.3700 82.4930 15 3904 89.4770 88.2590 19 3983 46.2890 18.9430
-1.3444270728e+00 1.0135574629e-01 -1.0710693274e+01
238 220 94
3 13 4380 -231.9950 -52.7430 18 4707 -270.2417 -71.4160 8 4428 -212.4840 -78.1370
-1.1997824042e+00 -2.1488804330e-01 -1.0161947466e+01
243 247 162
2 13 4388 -219.7905 -106.3660 18 4713 -237.2871 -128.2500
6.2390592201e-01 -7.4668452795e-01 -9.4535324436e+00
205 217 117
2 13 4401 182.4320 -169.6750 18 4678 185.4160 -150.3630
-2.1700957148e-01 -7.5580242045e-01 -9.2157773456e+00
174 186 104
2 13 4475 7.4660 -223.5500 18 4760 41.8010 -219.6580
-3.0753143608e-01 9.6572261865e-01 -9.2348274225e+00
234 178 9
2 1 159 -21.3110 188.2665 6 2032 42.6490 197.5879
-1.9478251815e-01 8.0266075023e-01 -8.9697113835e+00
110 79 10
2 1 248 4.6490 159.6189 6 272 106.5430 164.2578
3.3913700535e+00 6.5022042171e-01 -1.4495928090e+01
83 85 75
2 1 625 316.9170 57.2690 6 373 200.4320 138.0360
-4.7742231435e-01 3.2349614110e-01 -9.0882384131e+00
10 22 4
2 1 762 -70.6140 24.1670 8 681 9.9280 43.5610
-1.5669605517e+00 4.5570119253e-02 -1.0572335619e+01
245 225 94
2 1 885 -206.9240 -13.3650 6 1129 -221.7425 -46.9860
-1.5807104562e+00 -1.9524061936e-01 -1.0052931071e+01
206 177 47
2 1 1096 -244.3264 -66.0950 6 2726 -226.3967 -117.6530
-2.3632087312e-01 -6.7481478463e-01 -9.3280170089e+00
37 50 10
2 1 1665 -4.7470 -212.0010 6 2940 108.9870 -207.8690
-1.7679566446e-01 8.1042221068e-01 -8.9651659017e+00
157 118 27
2 1 1887 9.7860 162.1640 6 3123 111.9160 167.5461
-1.7280114670e+00 1.4922426260e-01 -1.0784287022e+01
229 209 78
2 1 2294 -219.4630 5.0080 8 3063 -284.0890 -90.8440
-1.7489465537e+00 2.2906799348e-01 -1.0917006504e+01
233 210 73
2 1 3777 -214.5240 18.4010 6 4641 -253.0982 -11.7490
-1.4310087388e+00 1.6198021761e-01 -1.0868466279e+01
200 180 45
3 1 3788 -170.9040 7.2500 6 4642 -196.4660 -13.3060 8 3878 -230.3117 -74.1810
5.2313036430e-01 -6.1576988285e-01 -9.7505121451e+00
198 209 107
2 1 4549 156.4450 -170.2840 6 4415 214.5450 -120.1170
