# Bundle file v0.3
20 1311
0 0 0
0 0 0
0 0 0
0 0 0
0 0 0
6.3325276024e+02 -4.7092646863e-02 -3.1831017726e-02
9.9901531338e-01 8.6742019266e-03 -4.3510479715e-02
-1.1219107006e-02 9.9821904939e-01 -5.8590622696e-02
4.2924762807e-02 5.9021078022e-02 9.9733343325e-01
-1.8193882237e-01 -7.5904367959e-01 6.7149709305e+00
0 0 0
0 0 0
0 0 0
0 0 0
0 0 0
6.1931895431e+02 -3.7318563860e-02 2.3406659066e-02
2.7384469936e-01 -5.2955787934e-01 8.0285586070e-01
6.2262790459e-01 7.3384644484e-01 2.7166870969e-01
-7.3303722488e-01 4.2548542611e-01 5.3067747183e-01
7.9118047088e+00 2.4727116711e+00 2.0798121217e+00
6.2888784129e+02 -3.5767270569e-02 -2.5113136260e-02
9.9762484284e-01 -6.6721893246e-02 1.7113208677e-02
6.5269716605e-02 9.9506855488e-01 7.4688922736e-02
-2.2012202157e-02 -7.3394550525e-02 9.9706002974e-01
2.3920770401e-01 5.9389678048e-01 6.8361771147e+00
6.2089785310e+02 -3.3913724069e-02 6.0538679775e-03
7.5493175678e-01 -3.5223586392e-01 5.5317984307e-01
3.2576804448e-01 9.3350279110e-01 1.4982563268e-01
-5.6916888865e-01 6.7100187633e-02 8.1947809063e-01
5.5878122751e+00 1.4580005266e+00 4.8818251153e+00
6.3150313692e+02 -4.5249417015e-02 5.5370158306e-02
9.6216651622e-01 -1.5496159410e-01 2.2410376932e-01
1.8705567742e-01 9.7373726615e-01 -1.2979179501e-01
-1.9810544821e-01 1.6680120162e-01 9.6588383904e-01
2.6737203226e+00 -1.3678564811e+00 6.4689206668e+00
0 0 0
0 0 0
0 0 0
0 0 0
0 0 0
6.2160136079e+02 8.2822212250e-03 -6.3840159243e-02
9.0863258547e-01 -2.6195817755e-01 3.2521491022e-01
2.3231944308e-01 9.6423393122e-01 1.2759546328e-01
-3.4700792640e-01 -4.0383648869e-02 9.3699234785e-01
3.5183601091e+00 1.1378652091e+00 6.0272778661e+00
6.0968895573e+02 -3.8052764848e-02 6.1821400217e-02
2.5231853187e-01 -4.0396948005e-01 8.7928608409e-01
2.9618311166e-01 8.9731599370e-01 3.2726070925e-01
-9.2120080484e-01 1.7785574673e-01 3.4605839177e-01
9.0043354232e+00 3.0170506044e+00 6.4411207787e-01
6.2112656154e+02 -4.6035846569e-02 6.3997971472e-02
4.3747985976e-02 -5.7313698611e-01 8.1829096835e-01
6.0705202272e-01 6.6577385656e-01 4.3385828750e-01
-7.9345696508e-01 4.7776476123e-01 3.7705023205e-01
8.3137336192e+00 3.8581600120e+00 6.3359935728e-01
6.0492664149e+02 -4.4899316779e-02 1.3115693939e-01
4.0441211937e-01 -3.3613369547e-01 8.5056744381e-01
3.1162804117e-01 9.2500410830e-01 2.1738298827e-01
-8.5984812709e-01 1.7714835139e-01 4.7883155695e-01
8.7590384222e+00 2.0741315830e+00 1.8539570140e+00
0 0 0
0 0 0
0 0 0
0 0 0
0 0 0
6.2490584070e+02 -3.7869842016e-02 4.9409462442e-02
9.7792525911e-01 -1.5591347796e-01 1.3911568919e-01
1.4531648071e-01 9.8586466570e-01 8.3390535172e-02
-1.5015095078e-01 -6.1333908351e-02 9.8675875657e-01
1.4089202896e+00 6.8696787513e-01 6.6034485890e+00
0 0 0
0 0 0
0 0 0
0 0 0
0 0 0
6.2355608324e+02 -2.1190778784e-02 -3.1946391641e-02
6.8017744893e-01 -3.5439637901e-01 6.4168671835e-01
3.5042816605e-01 9.2606585025e-01 1.4000764777e-01
-6.4386235983e-01 1.2963505520e-01 7.5407958072e-01
6.6198449349e+00 1.3600479510e+00 4.2488681927e+00
6.1845977543e+02 -1.3936887628e-02 -5.6205227514e-02
5.7488993770e-01 -4.1643927218e-01 7.0432939178e-01
2.8792003530e-01 9.0870027224e-01 3.0226787542e-01
-7.6590052409e-01 2.9019783278e-02 6.4230385284e-01
6.9806605256e+00 2.8259928252e+00 3.4678891425e+00
6.2250940889e+02 -2.6022583707e-02 1.5512978355e-02
8.3798055075e-01 -2.9913229717e-01 4.5640822227e-01
2.6941187102e-01 9.5411683539e-01 1.3068400123e-01
-4.7455857417e-01 1.3451141783e-02 8.8012114306e-01
4.7390275593e+00 1.2101190790e+00 5.4812427766e+00
6.2501084317e+02 -4.0474079232e-02 1.7797497585e-02
9.2708478339e-01 -2.1890280618e-01 3.0429486662e-01
1.9434002299e-01 9.7483847034e-01 1.0918750943e-01
-3.2053979452e-01 -4.2089407153e-02 9.4629948850e-01
3.0077823183e+00 9.4730089267e-01 6.2189595523e+00
6.1893683045e+02 -1.7896899165e-02 -4.0477739814e-02
5.6895169424e-01 -4.4946150370e-01 6.8867868147e-01
5.0535477492e-01 8.5174291001e-01 1.3838557266e-01
-6.4877617180e-01 2.6929235404e-01 7.1173808874e-01
6.8769824428e+00 1.1915797827e+00 3.8656501985e+00
-2.4961838819e-01 8.2736232350e-01 -8.9994107293e+00
191 128 0
4 1 220 -9.0600 169.4142 4 131 -62.6070 208.1202 13 156 -58.9410 194.6927 18 1791 -39.5550 199.7604
-3.2135489857e-01 8.0045919696e-01 -9.0027939662e+00
168 104 10
3 1 244 -29.5560 161.5043 4 172 -82.3520 199.1125 13 192 -77.2770 185.3525
-3.2114777220e-01 7.5709711762e-01 -8.9937847942e+00
134 88 0
8 1 289 -30.1630 148.9600 4 223 -82.4230 186.9253 18 1844 -53.8390 179.4778 6 2122 72.5060 148.4805 8 239 27.5930 173.2213 17 1788 37.8070 183.9413 15 1582 101.2260 194.0674 16 1582 43.8360 211.7380
-3.3192180732e-01 7.4103266718e-01 -9.0051341183e+00
123 77 0
5 1 303 -32.2840 144.9494 4 246 -84.7190 181.9092 13 233 -78.1440 168.5192 18 1862 -56.0470 174.4263 8 258 25.0180 167.5104
-3.9263032999e-01 5.0017364827e-01 -9.0999933317e+00
82 52 0
2 1 562 -46.9950 74.8550 4 495 -94.5220 107.0560
-1.5085237991e+00 6.1916956557e-01 -1.1829346837e+01
193 171 30
2 1 578 -144.4260 70.2760 4 790 -190.2360 28.7520
1.7151296342e+00 2.3357508861e-01 -1.1844305133e+01
206 181 60
2 1 789 256.4560 18.6790 4 895 215.8490 6.6700
-1.5619142082e+00 1.6854588889e-02 -1.0557561556e+01
207 187 57
4 1 891 -208.2770 -17.2940 4 1098 -255.8249 -47.5790 6 2567 -220.3960 -50.8020 8 1217 -250.4061 -103.5480
-1.5619142082e+00 1.6854588889e-02 -1.0557561556e+01
207 187 57
4 1 892 -208.2770 -17.2940 4 1099 -255.8249 -47.5790 6 2568 -220.3960 -50.8020 8 1218 -250.4061 -103.5480
1.0804266406e+00 -5.1690515642e-02 -1.1100803235e+01
226 213 110
2 1 933 201.4380 -25.1590 4 1043 166.8720 -31.8800
1.2120178729e+00 -7.2000652120e-02 -1.1090219476e+01
201 189 70
3 1 950 221.2340 -28.8540 4 1046 186.9650 -33.5770 13 2169 146.1690 -17.9520
-1.4234474315e+00 -5.5500084042e-02 -1.0463250645e+01
233 214 83
3 1 960 -191.8710 -31.1330 4 1138 -237.3866 -58.4390 13 1093 -253.8721 -79.5720
-1.3354337298e+00 -1.0396860670e-01 -1.0414216365e+01
218 210 83
2 1 996 -179.0260 -40.0840 4 1175 -225.7865 -66.7850
-1.4997200949e+00 -1.3533112739e-01 -1.0282922271e+01
238 210 84
2 1 1029 -214.7490 -47.8530 4 1196 -263.5258 -75.2370
9.4678933791e-01 -1.7588448178e-01 -1.0783267197e+01
219 225 139
2 1 1035 193.4530 -49.2450 4 1116 161.6910 -51.9080
4.6801371989e-01 -1.8889099740e-01 -9.9116671265e+00
28 36 20
3 1 1139 142.7150 -74.1240 4 2404 113.1990 -61.9430 13 1013 100.1000 -50.6750
4.6801371989e-01 -1.8889099740e-01 -9.9116671265e+00
28 36 20
3 1 1140 142.7150 -74.1240 4 2405 113.1990 -61.9430 13 1014 100.1000 -50.6750
-8.1280386210e-02 7.8279259649e-01 -9.0063258943e+00
64 73 17
2 1 1904 37.9390 156.3511 4 1845 -13.2270 197.9445
-4.6807353710e-01 6.8953699458e-01 -9.1168479573e+00
166 101 0
2 1 1990 -65.5370 125.6160 4 1922 -117.9940 155.2416
-3.7691421811e-01 6.6870501541e-01 -9.0582114297e+00
72 44 0
2 1 1997 -43.5530 122.0610 4 320 -94.4040 156.4608
-4.1584359834e-01 5.6286831583e-01 -9.0764691377e+00
110 66 0
5 1 2077 -54.2190 92.1160 4 1971 -102.6910 125.5200 13 1883 -93.1040 114.0810 18 1966 -72.5280 116.9640 8 447 10.6700 112.4840
-1.6000136806e+00 6.5034979973e-01 -1.1899152010e+01
209 199 79
2 1 2119 -152.7120 73.7070 4 782 -199.6450 30.7750
-1.5086931012e+00 6.3901223150e-01 -1.1795223081e+01
238 219 87
3 1 2120 -145.2850 73.4640 4 2175 -192.4160 31.0020 13 2097 -231.3960 14.9510
-3.8852877076e-01 4.6348794765e-01 -9.1200360814e+00
56 37 0
4 1 2136 -45.3160 65.1920 4 2991 -92.4540 95.7050 13 2809 -82.1210 86.3660 18 530 -61.7910 88.3470
-1.5027508324e+00 5.4525184440e-01 -1.1686637230e+01
233 216 66
2 1 2146 -147.9640 61.8220 4 822 -194.9130 21.4540
-3.9147892998e-01 3.3800409423e-01 -9.1431412441e+00
38 43 9
3 1 2223 -45.7570 31.3510 4 3052 -90.2050 60.2020 13 2860 -78.1820 53.0900
1.8011380599e+00 2.9859997567e-01 -1.2053436634e+01
194 175 54
3 1 2233 257.9630 27.2460 4 2217 216.2120 12.8090 13 2900 161.8420 26.6110
-1.2892167506e+00 2.7781193073e-01 -1.1190160098e+01
205 186 47
4 1 2234 -137.0810 27.0400 4 2277 -183.7330 -7.6750 18 3241 -258.8520 -40.2810 8 3485 -210.7450 -49.2310
1.0783621065e+00 -3.0952906063e-02 -1.1106290479e+01
80 61 0
2 1 2366 200.6770 -22.0210 4 2339 166.4170 -28.8760
1.2340358932e+00 -6.0907858287e-02 -1.1079601443e+01
229 210 89
2 1 2382 224.7850 -27.0640 4 1042 190.3050 -31.6320
9.2128546959e-01 -2.0240240142e-01 -1.0735157054e+01
208 214 133
2 1 2437 191.4050 -54.4400 4 1131 159.9470 -56.5430
5.4373351117e-01 -1.3724924222e-01 -9.9320581649e+00
7 25 1
2 1 2459 158.4740 -63.7510 4 2375 125.9790 -50.9370
5.9877506326e-01 -4.2638977654e-01 -1.0256980031e+01
141 152 76
3 1 2552 154.2060 -105.8330 4 2498 127.9910 -103.6750 13 1129 110.5910 -87.4740
5.4614597500e-01 -5.8376145472e-01 -9.9718438056e+00
181 191 94
2 1 2655 154.6620 -148.4080 4 2597 132.1880 -141.8150
-7.4058277459e-01 -5.2118646992e-01 -9.2541537886e+00
214 221 141
2 1 2724 -127.9930 -177.9820 4 2668 -166.6540 -177.7220
1.4691446888e+00 1.4551102997e+00 -1.1981377367e+01
118 129 71
2 1 2936 223.9870 169.8799 4 2904 167.3920 148.1622
-2.2299873533e-01 7.7695955735e-01 -8.9855111349e+00
80 51 0
6 1 2953 -2.0850 155.6786 4 1849 -54.2260 195.9481 13 1759 -49.5780 183.6156 18 1820 -29.0480 188.6826 6 2101 101.0560 158.8477 8 205 50.2090 182.5872
-5.2387891144e-02 7.6045473671e-01 -8.9993591461e+00
27 43 0
2 1 2963 46.2920 150.2981 4 2858 -4.7300 193.0318
-3.1007267269e-01 7.3649911044e-01 -9.0036247845e+00
80 52 0
3 1 2971 -26.0930 143.3247 4 2869 -78.5910 181.4138 13 1786 -71.5540 168.8262
-3.4987736265e-01 7.1065443500e-01 -9.0235096328e+00
73 46 0
3 1 2986 -36.9720 135.0650 4 2876 -88.6180 171.7523 13 1806 -81.5100 158.8876
-4.0303117738e-01 5.8822508543e-01 -9.0635284967e+00
92 47 0
3 1 3054 -50.5910 99.6760 4 2919 -100.3900 133.4320 13 2731 -90.9780 122.0030
-3.9620687298e-01 5.3640624301e-01 -9.0843192991e+00
90 50 0
2 1 3068 -48.4640 84.9830 4 2940 -96.5830 117.9560
-3.8806790322e-01 5.3170422190e-01 -9.1184741803e+00
112 80 23
2 1 3071 -44.6830 83.0220 4 3575 -93.5190 114.3560
-3.7919499978e-01 5.1528078525e-01 -9.1218832668e+00
58 30 0
3 1 3078 -42.6700 78.9260 4 3579 -90.7320 109.8580 13 3365 -81.3750 99.4020
-4.2210802642e-01 4.4313966196e-01 -9.0974517065e+00
88 63 12
6 1 3118 -54.8210 59.4390 4 3598 -101.8950 91.5050 13 2813 -90.2860 81.3720 18 3048 -68.0290 83.6050 6 2356 46.1080 47.7760 8 1954 15.8130 80.3400
-5.3843847177e-01 4.3939668447e-01 -9.1244942527e+00
36 40 4
3 1 3119 -84.3200 58.0220 4 3011 -132.7760 86.8150 13 2826 -121.6260 74.7210
1.7877220560e+00 2.8944762049e-01 -1.1921194246e+01
120 102 3
2 1 3163 262.2060 25.7550 4 2218 220.5760 13.2460
1.8300274103e+00 2.1343665255e-01 -1.1883429227e+01
192 169 50
2 1 3184 269.4050 16.0720 4 2242 227.6950 4.7220
-1.2395288746e+00 1.0616561416e-01 -1.0851299320e+01
226 211 69
2 1 3208 -143.6060 -0.4930 4 3174 -188.5520 -30.3650
-1.4326899803e+00 -3.7318013364e-02 -1.0485061253e+01
160 141 10
4 1 3248 -191.7380 -27.3450 4 2383 -238.2941 -55.6260 13 3045 -254.7533 -76.3620 6 3420 -195.1220 -58.0660
-1.4348713677e+00 -3.8293199808e-02 -1.0490723558e+01
160 141 10
7 1 3249 -191.7380 -27.3450 4 2384 -238.2941 -55.6260 13 3046 -254.7533 -76.3620 18 3307 -287.8018 -98.3150 6 3421 -195.1220 -58.0660 8 3087 -223.4995 -107.4650 17 3099 -249.9960 -118.0100
9.2779636058e-01 -1.6157027802e-01 -1.0771707676e+01
89 95 19
2 1 3274 190.5730 -47.1620 4 2370 159.4190 -49.8410
4.7014623928e-01 -1.1464339171e-01 -1.0006693983e+01
225 237 173
2 1 3293 140.2590 -56.7980 4 3727 108.8180 -47.3360
8.8249626578e-01 -2.2287706384e-01 -1.0668782317e+01
225 231 152
2 1 3296 187.4700 -59.1500 4 3221 157.1780 -60.5280
6.2330935057e-01 -4.1712798994e-01 -1.0235079074e+01
173 183 99
2 1 3362 159.5810 -105.2580 4 3279 133.3260 -101.9640
-7.5769256596e-01 -4.9929006695e-01 -9.3179854855e+00
63 72 6
3 1 3475 -127.9030 -167.9740 4 2651 -167.4180 -168.8130 13 2501 -140.3790 -175.9050
-2.5291814471e-01 7.8688992154e-01 -8.9777189834e+00
136 89 0
4 1 3657 -10.8360 158.6283 4 2848 -63.3200 199.2156 13 2667 -57.1220 186.7756 18 2895 -37.0700 191.4029
-2.0621536479e-01 7.6376455316e-01 -8.9897243512e+00
67 60 13
2 1 3659 2.9860 151.8012 4 3512 -49.4470 192.3640
-3.4879956488e-01 6.7740544733e-01 -9.0334781987e+00
59 50 3
4 1 3680 -36.3850 126.2230 4 2894 -88.7990 160.4410 13 3327 -78.5090 149.9370 8 2740 22.8000 147.7006
-4.0520303954e-01 6.3381822851e-01 -9.0351421657e+00
117 73 9
2 1 3693 -52.4060 113.1810 4 3546 -102.5130 148.4596
-1.5176734119e+00 5.8281084307e-01 -1.1713352240e+01
206 185 42
6 1 3742 -149.6270 66.0080 4 3090 -195.6510 25.1220 13 2925 -234.1872 8.2570 18 3739 -294.7354 -8.5070 6 4295 -212.3280 62.0740 8 3829 -254.6136 -19.5950
-4.8952692968e-01 4.3590242704e-01 -9.1030909051e+00
31 20 0
6 1 3748 -72.7440 57.4120 4 4022 -120.2370 87.7110 13 3814 -107.8810 76.6860 18 4082 -86.5010 78.3760 6 4314 27.6660 42.8150 17 3842 12.0250 82.8150
-1.7523132290e+00 3.2329666766e-01 -1.1148607771e+01
228 206 69
2 1 3763 -204.0250 33.4000 4 3134 -252.1497 -4.6050
-1.6742531768e+00 3.0141614301e-01 -1.1132405204e+01
222 196 57
4 1 3768 -194.2990 30.5480 4 3137 -240.9404 -6.6120 13 3473 -273.0515 -27.8720 6 4628 -238.4348 8.4020
-1.5272754809e-01 2.7318918143e-01 -9.0119680394e+00
29 40 1
2 1 3784 16.2930 12.1550 4 3638 -24.3820 53.0420
5.1313351053e-01 -5.3584625963e-01 -9.9689260303e+00
162 173 81
3 1 3938 147.8160 -139.2090 4 3819 125.6050 -132.5460 13 3564 115.6130 -113.8210
-6.9794640404e-01 -4.1084925633e-01 -9.2691126576e+00
40 58 10
2 1 3958 -116.4640 -150.8160 4 3825 -156.5100 -146.6680
6.1284879574e-01 -5.8472507741e-01 -9.9400439899e+00
201 208 105
2 1 3960 168.2560 -150.5040 4 4174 147.9840 -141.9820
-2.9832838021e-01 7.9161694025e-01 -8.9962008261e+00
218 164 26
4 1 4098 -22.7700 159.2354 4 2850 -76.1200 197.7162 13 2673 -70.8120 184.2228 18 3556 -50.0910 189.6407
-4.9812585052e-02 7.2296758124e-01 -9.0103479334e+00
23 40 4
2 1 4102 47.2050 139.0420 4 3964 -3.7160 181.5622
-4.2879379746e-01 6.3975745606e-01 -9.0256937282e+00
119 66 0
3 1 4125 -59.1640 114.9420 4 3987 -109.5470 150.5930 13 3771 -100.3910 137.7050
-4.4179915956e-01 5.9519199369e-01 -9.0470485048e+00
124 71 1
3 1 4141 -61.8160 102.0360 4 3996 -112.0420 135.4980 13 3775 -101.8510 124.4000
-3.6969359167e-01 5.5236320156e-01 -9.1021056912e+00
52 26 0
3 1 4155 -40.4290 88.8110 4 4008 -89.0360 121.4320 13 3779 -80.8620 110.9510
-4.1992395466e-01 5.4424931036e-01 -9.0705115057e+00
132 88 9
2 1 4157 -55.2500 87.4440 4 4305 -103.9590 120.6910
-3.4703470794e-01 5.2920720766e-01 -9.0920727740e+00
73 65 3
6 1 4163 -34.9600 82.3660 4 4009 -82.2660 116.4650 13 3783 -74.0370 106.8840 18 4348 -52.8340 109.4540 6 4599 64.4370 76.4690 8 3759 27.2000 105.9700
-4.4182372437e-01 4.2459605189e-01 -9.0909494408e+00
14 13 0
3 1 4175 -60.4670 54.3860 4 4024 -107.3310 86.1300 13 3815 -95.2160 76.1450
2.1923475719e+00 5.2092607352e-01 -1.2620610152e+01
121 110 23
3 1 4181 279.0900 51.7790 4 3656 233.4090 33.2410 13 3415 172.0120 47.2010
-4.4026374037e-01 3.9381744831e-01 -9.1105054082e+00
10 24 2
2 1 4185 -60.0030 46.1980 4 4029 -105.2350 76.6520
-3.6080299445e-01 1.3586010846e-01 -8.9883932474e+00
15 28 0
2 1 4234 -42.9110 -26.0120 4 4353 -83.0150 10.1470
1.3585925300e+00 -1.1074143205e-01 -1.1037902240e+01
215 202 76
2 1 4237 245.0570 -35.2660 4 4086 211.0420 -37.6460
4.0079071895e-01 -2.7179698754e-02 -1.0120736280e+01
63 68 1
2 1 4239 122.7210 -37.0530 4 3714 91.1140 -31.3750
-5.0263327313e-01 -1.2123050007e-01 -9.0806330508e+00
16 36 2
2 1 4266 -77.5740 -91.3210 4 4103 -116.7840 -67.9040
-6.0336405692e-01 -2.6649575870e-01 -9.1305949691e+00
25 48 6
2 1 4298 -101.5410 -125.4150 4 4148 -140.2280 -110.1190
4.7777422636e-01 -5.5150746192e-01 -9.8719698707e+00
166 175 82
3 1 4312 145.2500 -147.8790 4 4170 122.1980 -139.3470 13 3568 115.3060 -119.5250
5.5845000595e-01 -5.7766514278e-01 -9.8592970732e+00
202 208 110
3 1 4319 161.1200 -154.3430 4 4173 141.1720 -142.9990 13 3571 131.5590 -122.8680
3.2719552243e-01 -6.1211247164e-01 -9.7140615159e+00
162 172 83
2 1 4330 118.1790 -169.1750 4 4198 98.1830 -160.3560
4.3802218946e-01 -6.7930820893e-01 -9.6481160531e+00
181 189 93
2 1 4347 143.4230 -188.1540 4 3858 127.2290 -176.6210
-4.5568586800e-02 8.0494699983e-01 -9.0168063495e+00
35 12 10
2 1 4414 47.7080 162.0928 4 4469 -3.1700 203.4423
-1.8020006610e+00 7.6509003981e-02 -1.0638787615e+01
247 223 91
3 1 4472 -240.3219 -5.4680 4 4368 -290.2869 -39.5690 6 4914 -266.3570 -47.0880
1.3213475323e+00 -6.5517532779e-03 -1.1256162689e+01
226 206 78
2 1 4482 229.6680 -17.0490 4 4364 193.8550 -23.7130
-2.9420603384e-01 9.1596421623e-02 -9.0326326277e+00
20 37 1
3 1 4489 -22.4710 -37.3810 4 4510 -62.1570 -2.2210 13 4131 -41.4110 -5.3160
-1.5646322845e+00 -2.3206758370e-01 -1.0120754970e+01
237 217 86
3 1 4503 -236.5782 -69.1130 4 4133 -288.0295 -96.1720 13 4178 -295.8671 -121.4550
-4.9170180817e-01 -3.9392920524e-02 -9.0425828901e+00
15 32 0
2 1 4505 -76.8290 -71.5020 4 4372 -116.2990 -44.2440
-4.5964902270e-01 -5.1992012841e-02 -9.0867771869e+00
15 31 2
2 1 4507 -65.7230 -72.9520 4 4373 -105.5340 -47.3270
4.2168092741e-01 -2.0357367813e-01 -9.8749548623e+00
3 4 7
2 1 4514 134.6100 -78.3990 4 4384 105.5370 -66.6210
2.2665193669e-02 7.2419221692e-01 -9.1376349901e+00
67 67 4
2 1 4602 64.4690 133.8940 4 4639 16.5140 170.6728
-3.3283698060e-01 6.0947293487e-01 -9.0660810628e+00
64 60 5
7 1 4609 -32.1330 106.2470 4 4484 -80.7420 140.9188 13 4255 -72.6670 128.9610 18 4515 -52.3910 132.8060 6 4889 67.9380 100.6950 8 4246 28.3810 127.9380 17 4098 36.6810 138.4650
-3.4487187008e-01 4.7364752928e-01 -9.0920763893e+00
71 68 7
5 1 4621 -34.6850 67.3170 4 4490 -81.5560 100.9790 13 4265 -70.8640 91.4540 18 4524 -49.2960 95.2130 6 4794 67.3620 61.8200
-3.4534497385e-01 4.7139756094e-01 -9.0870124504e+00
71 68 7
3 1 4622 -34.6850 67.3170 4 4491 -81.5560 100.9790 13 4266 -70.8640 91.4540
-3.4576135902e-01 4.7201563345e-01 -9.0882729151e+00
71 68 7
2 1 4623 -34.6850 67.3170 4 4492 -81.5560 100.9790
-4.4858237530e-01 4.5689310017e-01 -9.0922149029e+00
143 100 7
8 1 4626 -62.0910 63.3470 4 4493 -110.0480 94.9590 13 4267 -97.9540 84.4400 18 4528 -75.8400 86.4700 6 4798 39.5110 50.2480 8 4257 9.1350 83.1880 17 4294 20.6750 91.3000 15 3901 87.4310 96.8520
1.8065445496e-01 4.4061467187e-01 -9.3552999240e+00
63 64 0
2 1 4629 100.0890 55.5800 4 4595 57.3230 85.8440
-1.3405080607e+00 -7.7399107665e-02 -1.0448644528e+01
230 213 83
4 1 4640 -177.9320 -34.6100 4 4524 -225.0162 -62.1700 13 4300 -238.6986 -80.9380 18 4710 -267.6708 -101.5370
-1.4832995904e+00 -7.4614534395e-02 -1.0374400182e+01
188 163 34
6 1 4641 -206.8050 -36.2020 4 4382 -253.7294 -63.7790 13 4303 -268.6884 -86.2450 6 4918 -205.5800 -72.0010 17 4437 -255.7324 -127.9240 5 5485 -276.0107 -143.3120
-1.4832143344e+00 -7.4820082744e-02 -1.0374725968e+01
188 163 34
7 1 4642 -206.8050 -36.2020 4 4383 -253.7294 -63.7790 13 4304 -268.6884 -86.2450 18 4665 -299.0288 -108.6380 6 4919 -205.5800 -72.0010 17 4438 -255.7324 -127.9240 5 5486 -276.0107 -143.3120
1.5110769188e+00 -1.3892048710e-01 -1.1033363621e+01
184 153 30
3 1 4644 267.6790 -40.1760 4 4521 234.5030 -40.2940 13 4288 189.3320 -20.4100
1.6377748076e-01 -4.0025347711e-01 -9.6960212297e+00
76 82 12
3 1 4669 85.0520 -125.6940 4 4539 58.7110 -115.6520 13 4311 59.7710 -104.0760
-1.2622454453e+00 -4.7922543982e-01 -9.5690453026e+00
235 236 142
2 1 4672 -222.1919 -142.7990 4 4550 -271.1741 -160.1310
3.8274134863e-01 -5.6492751024e-01 -9.8886831004e+00
127 135 60
7 1 4675 124.9000 -148.9360 4 4543 102.4030 -141.9650 13 4180 97.1110 -125.4080 18 4433 91.4500 -117.3790 6 4832 176.7130 -108.3420 8 4143 149.1610 -108.4250 17 4196 130.3050 -95.0670
-3.7998254444e-01 5.9965983822e-01 -9.0741037508e+00
57 25 0
7 1 4714 -44.4280 104.6870 4 4585 -93.5490 138.2390 13 4359 -85.1010 125.9900 18 4634 -65.0650 128.5550 6 4963 54.1930 95.4660 8 4353 17.6230 121.1840 17 4375 26.9320 129.7310
1.8715952541e+00 1.1878576381e-01 -1.1707657581e+01
210 186 59
3 1 4725 282.3070 3.5770 4 4511 242.4620 -5.1180 13 4123 190.0130 11.4580
-1.1877029266e+00 -2.0755461304e-01 -1.0132317795e+01
239 243 146
2 1 4734 -169.1110 -65.5580 4 4532 -214.9240 -86.7440
-5.3663754366e-01 -2.8856589821e-01 -9.1078581249e+00
29 51 13
3 1 4743 -84.8840 -133.1070 4 4617 -122.6890 -116.1160 13 4390 -92.3750 -118.3260
-1.7026231808e-01 -7.8365236534e-01 -9.3961701114e+00
165 171 98
2 1 4757 12.1200 -229.5300 4 4673 -10.3870 -227.5740
-3.1479316721e-01 5.6194754827e-01 -9.0869813488e+00
58 57 0
7 1 4775 -26.1910 92.1890 4 4641 -74.6510 126.8530 13 4421 -66.3270 116.4750 18 4700 -46.4520 119.5060 6 4964 72.6900 87.7290 8 4354 33.5160 115.4970 17 4376 42.0230 124.0210
-4.1288153687e-01 4.1109296544e-01 -9.0959397670e+00
6 12 0
2 1 4777 -52.4950 50.8630 4 4646 -99.1420 82.6330
-3.6044870212e-01 -1.0079447103e-01 -9.0776123508e+00
16 33 0
2 1 4781 -39.4530 -86.7830 4 4661 -77.0390 -59.4120
8.1472158151e-01 -5.3480749008e-01 -1.0050675353e+01
226 229 126
4 1 4787 203.2940 -137.0590 4 4618 181.0130 -125.4040 13 4386 162.4720 -101.7360 18 4573 144.4480 -90.4600
3.2239123276e-01 -6.6835854740e-01 -9.6501953441e+00
166 176 87
2 1 4794 119.4510 -185.4000 4 4668 99.9200 -175.9870
-3.3513448852e-01 -4.6976686126e-01 -9.3274667262e+00
84 86 21
3 1 4823 -26.9000 -162.9230 4 4716 -58.3050 -152.0810 13 4467 -35.5120 -150.1800
-2.1601077807e-01 -6.9985731192e-01 -9.3744869134e+00
34 49 8
6 1 4826 2.6740 -211.5900 4 4718 -23.6880 -208.4940 13 4471 -0.2460 -198.7580 18 4758 25.7140 -195.5950 8 4466 107.2880 -183.6570 17 4493 113.9010 -170.9300
2.1925049089e-01 5.1177487057e-01 -9.4161486450e+00
56 54 2
2 1 4836 107.7310 72.1960 4 4709 64.0060 100.2620
-6.2806084350e-01 -5.9342363365e-01 -9.2409225313e+00
26 38 0
2 1 4855 -100.0070 -197.0600 4 4739 -137.4520 -196.2270
-5.2159649508e-01 -4.4973169982e-01 -9.3273585741e+00
45 61 19
2 1 4870 -72.5490 -156.9010 4 4749 -105.9690 -151.3560
-2.3329630076e-01 7.8336976219e-01 -8.9821877227e+00
116 83 5
2 1 256 -5.0430 157.9044 13 193 -52.2510 185.3132
-2.8183906947e-01 7.6405672759e-01 -8.9888974241e+00
121 80 6
5 1 271 -17.7340 152.5898 13 1771 -67.0870 176.6150 18 1834 -44.9170 182.4467 6 304 85.4680 152.9395 8 224 37.7600 177.2564
-3.7536432123e-01 7.4770021110e-01 -9.0258145428e+00
122 66 4
2 1 301 -44.0520 145.4350 13 236 -89.8280 167.6775
-4.0285155673e-01 6.6247104297e-01 -9.0435556837e+00
105 61 9
2 1 388 -51.1630 120.7930 13 312 -93.9670 142.9636
-3.8663662149e-01 6.5706560700e-01 -9.0455826268e+00
90 58 6
3 1 394 -46.6360 119.0130 13 314 -89.1780 141.4730 18 334 -68.8240 146.3865
-1.4100871407e+00 8.7751535591e-01 -1.2355042949e+01
229 227 123
3 1 474 -117.7790 96.0320 13 702 -209.4760 35.9810 6 3189 -197.7360 103.6900
7.9195729690e-02 5.4923127929e-01 -9.3068696060e+00
70 71 4
2 1 526 76.4560 83.5160 13 427 25.4360 110.1010
-1.7554179162e+00 5.0237646233e-01 -1.1584900840e+01
215 203 86
2 1 626 -184.2410 56.9630 13 2149 -270.1149 -5.3240
-1.3377860479e+00 -1.3445497626e-01 -1.0271385010e+01
231 220 104
2 1 1033 -188.1360 -48.4230 13 1154 -244.5298 -92.9360
4.1175325569e-01 -5.8942458572e-01 -9.8354561406e+00
161 171 85
2 1 1427 132.2730 -157.2760 13 1297 106.3880 -130.2700
-3.4323334631e-01 7.4695931466e-01 -9.0119105033e+00
153 106 22
2 1 1931 -35.5330 145.9290 13 1782 -81.0060 169.7027
-1.7305484634e+00 1.6077250281e-01 -1.0800819426e+01
253 233 100
2 1 2283 -219.9340 8.3360 13 2243 -295.4949 -50.1810
-1.7305484634e+00 1.6077250281e-01 -1.0800819426e+01
253 233 100
2 1 2284 -219.9340 8.3360 13 2244 -295.4949 -50.1810
3.9056028306e-01 1.0609488588e-01 -9.7936908033e+00
66 74 23
2 1 2354 132.4170 -17.3780 13 2120 82.3910 6.2520
3.5247792105e-01 8.2887163913e-02 -9.7322179634e+00
69 70 2
2 1 2370 126.7820 -23.7470 13 2134 78.5550 1.9790
-1.5530671263e+00 -2.9296700470e-01 -9.8930026683e+00
235 212 89
3 1 2504 -252.6718 -87.2200 13 2430 -308.1023 -139.9660 8 2530 -237.8814 -177.0890
-5.6474412796e-01 -7.1025491218e-01 -9.3241561445e+00
66 73 28
2 1 2828 -82.3550 -217.0480 13 2595 -82.9560 -220.0500
-5.0707224950e-01 -7.1875824790e-01 -9.3449596059e+00
73 82 29
2 1 2830 -68.1830 -217.2980 13 3219 -68.1830 -218.1110
-4.1681458495e-01 6.9469135706e-01 -9.0682882122e+00
121 73 0
2 1 2994 -54.6210 129.2600 13 2701 -98.2990 148.4463
-2.7011794453e-01 4.7462339854e-01 -9.0727574576e+00
50 53 6
2 1 3104 -15.2360 68.8050 13 1922 -50.2200 95.2760
-2.9314434410e-01 1.1989321187e-01 -9.0608966173e+00
13 29 3
2 1 3251 -21.4930 -28.7450 13 2945 -42.7800 1.9970
-2.9437855402e-01 6.9801531684e-01 -9.0516939798e+00
50 47 2
2 1 3679 -21.2530 130.5820 13 3318 -65.9570 154.5543
1.3689993450e-01 5.9388999656e-01 -9.3715680109e+00
55 53 3
2 1 3718 88.9330 93.7300 13 2744 34.7630 117.4210
-4.2816716954e-01 -1.9883093241e-02 -9.1035429974e+00
13 29 2
2 1 3858 -56.8610 -63.7700 13 3489 -73.5700 -41.6530
5.5620804860e-01 -5.4693519495e-01 -9.9328664382e+00
190 196 96
2 1 3950 158.0910 -143.9380 13 3566 125.3810 -114.7460
-7.0722317253e-01 -5.2935506006e-01 -9.3554972366e+00
50 68 26
2 1 3977 -114.6710 -171.7430 13 3167 -125.0620 -179.7170
-3.9398524233e-01 5.6731170225e-01 -9.0944051770e+00
107 71 3
2 1 4149 -47.2540 93.1270 13 3778 -87.7810 114.5160
-4.6893715218e-01 4.8310729724e-01 -9.0876229517e+00
116 72 2
7 1 4171 -66.4150 69.7230 13 3802 -105.6890 90.5950 18 4354 -83.3110 92.8810 17 3834 14.4840 96.8080 15 3595 83.0660 102.9280 16 3533 34.4640 118.7940 19 3313 37.9970 31.8820
-4.3867011096e-01 3.9289381645e-01 -9.0858265254e+00
10 24 2
2 1 4186 -60.0030 46.1980 13 3820 -92.6900 67.8940
-4.5228145600e-01 2.1130690127e-01 -9.1552893664e+00
4 15 1
2 1 4216 -60.3540 -2.3340 13 3849 -90.0990 17.8690
-3.3822779191e-01 3.8060892476e-02 -9.0262018610e+00
17 33 2
2 1 4242 -34.5730 -52.1570 13 3868 -51.1940 -21.1960
2.7983975470e-01 -1.0949828423e-01 -9.7343914433e+00
77 76 10
2 1 4251 110.0650 -63.7230 13 3488 70.9970 -39.4730
-6.5750365714e-01 -4.5437465005e-01 -9.2357918687e+00
44 62 22
2 1 4326 -109.2610 -163.6950 13 4197 -116.6820 -164.0070
-3.0464437211e-01 2.7955311781e-01 -9.1747846612e+00
18 28 0
2 1 4464 -22.2110 16.0310 13 4113 -53.7130 39.3990
-3.8649688752e-01 2.3607232992e-01 -9.2320961697e+00
47 55 6
2 1 4634 -42.2930 6.0870 13 4280 -72.9170 23.3080
-1.5327508286e+00 -2.4554350027e-02 -1.0488453081e+01
244 223 95
6 1 4637 -208.0070 -25.2300 13 4299 -272.3666 -76.5660 18 4574 -307.0995 -99.3850 6 4916 -215.1620 -60.4600 8 4383 -243.3296 -110.0190 17 4436 -272.0479 -122.3570
-2.4016299490e-01 1.1115911771e-01 -9.0309185726e+00
18 31 0
2 1 4639 -7.2500 -32.4910 13 4285 -27.8450 2.6930
-7.3140352438e-01 -1.4897446762e-01 -9.4048254051e+00
231 236 136
2 1 4655 -118.2730 -81.0130 13 4306 -143.6990 -85.7000
-4.3341678821e-01 -1.2141607802e-01 -9.0589108346e+00
21 41 3
2 1 4659 -59.5090 -93.1700 13 4297 -71.0160 -69.0760
-3.6540853272e-01 3.9082698366e-01 -9.1315659931e+00
51 58 2
6 1 4720 -38.6750 45.4820 13 4364 -73.0260 68.9930 18 4643 -52.8380 70.9210 6 4900 61.4740 36.0150 8 4360 29.1820 67.9690 17 4380 38.7200 74.6820
-3.6441215798e-01 2.9169359497e-01 -9.1647086176e+00
52 60 3
2 1 4814 -37.8750 19.1860 13 4457 -69.5320 40.8310
1.5282356780e-01 -7.5270504945e-02 -9.7002591917e+00
84 86 13
2 1 4842 83.3080 -56.6930 13 4482 46.8190 -36.8040
4.5190114988e-01 -1.5411769010e-01 -9.6706697456e+00
1 6 0
2 1 4851 148.7920 -75.8240 13 4483 110.4010 -42.9300
-2.0178288271e-01 7.9203339803e-01 -8.9897954211e+00
106 82 12
2 4 170 -48.4760 200.2017 13 179 -44.2890 187.8070
-3.1504877354e-01 7.4686428711e-01 -8.9975815525e+00
119 82 7
2 4 227 -80.0430 184.8494 13 223 -73.2530 171.9732
-3.7546234708e-01 5.8471924967e-01 -9.1017949786e+00
71 42 2
2 4 410 -91.1020 130.0960 13 387 -83.5090 119.0200
-1.6898182653e+00 4.2848632635e-01 -1.1284469457e+01
232 216 99
2 4 883 -236.5995 9.4760 13 883 -271.5069 -11.0980
1.3823738047e+00 -1.1555434767e-01 -1.1170240220e+01
215 203 82
2 4 1066 207.8090 -38.5600 13 935 165.2730 -21.0940
-1.4789364837e+00 -6.8498420366e-02 -1.0325886145e+01
194 170 46
2 4 1160 -256.9695 -62.6170 13 2320 -270.6324 -84.2320
-1.5110061225e+00 -1.5482671558e-01 -1.0221217135e+01
235 214 87
3 4 1213 -269.9818 -79.6960 13 1201 -280.5051 -103.0600 18 3352 -306.9214 -127.7490
-4.7466335302e-01 -7.1378418911e-01 -9.3109772491e+00
84 92 32
2 4 1721 -90.7300 -221.0720 13 1578 -60.3260 -217.2070
-7.1655054997e-01 -6.9733579705e-01 -9.2750436431e+00
167 169 82
2 4 1729 -156.4230 -223.7920 13 1618 -122.7910 -227.2610
-7.7857836856e-02 8.1279263881e-01 -9.0052546646e+00
97 80 2
3 4 1830 -13.3430 206.2594 13 155 -12.5130 194.9830 8 166 78.7370 194.0531
-1.8118714263e-01 7.9498669904e-01 -8.9719106470e+00
154 125 38
2 4 1836 -42.8830 203.3531 13 1743 -38.4840 191.0627
-3.0708602264e-01 8.0380615300e-01 -9.0029397675e+00
147 89 0
2 4 1843 -78.4870 200.1059 13 1752 -73.4030 186.6881
-4.1957856844e-01 4.6768296784e-01 -9.1012948044e+00
100 65 0
3 4 2032 -101.4330 98.3450 13 1942 -90.9140 87.0330 18 526 -69.1810 89.4560
-1.4278325692e+00 6.9230593664e-01 -1.1875718547e+01
236 217 94
2 4 2159 -179.0190 37.2330 13 2908 -220.0538 22.1360
-1.3966189156e+00 1.7349717478e-01 -1.0963440224e+01
215 196 65
2 4 2311 -207.8500 -21.8920 13 983 -233.7775 -40.2940
-2.1656184683e-01 -7.3479052420e-01 -9.3689049364e+00
65 70 15
2 4 2776 -22.5550 -217.7060 13 2569 2.0370 -206.5380
-2.9915610995e-01 7.9311746854e-01 -9.0003972740e+00
220 170 41
2 4 2849 -76.1200 197.7162 13 2672 -70.8120 184.2228
-4.2025802597e-01 5.8940826920e-01 -9.0634237325e+00
122 73 4
3 4 2916 -105.1630 133.6410 13 2730 -95.5730 121.9370 18 1954 -74.5920 124.6810
-4.3467582683e-01 5.1413203497e-01 -9.0747851180e+00
131 83 13
4 4 2948 -107.6400 111.5500 13 2776 -96.5590 100.6030 18 3014 -74.4450 103.7580 8 1918 9.7770 99.3670
-4.6319319818e-01 5.0342478956e-01 -9.0788851003e+00
130 78 9
2 4 2961 -115.2310 107.7470 13 1919 -103.8180 97.0250
-5.1365492967e-01 5.0157645975e-01 -9.0975886440e+00
122 73 0
2 4 2964 -128.3300 105.2340 13 2787 -117.1610 93.5210
-4.0393834014e-01 4.7847191318e-01 -9.0883214165e+00
91 58 0
2 4 2970 -97.9290 101.4290 13 1930 -86.9270 91.7840
-4.6486497244e-01 4.0782356748e-01 -9.0581159378e+00
17 30 4
2 4 3017 -115.2660 83.1510 13 2828 -100.6580 72.3410
-3.6570481592e-01 6.8458281121e-02 -9.0381750152e+00
8 26 2
2 4 3143 -82.4150 -10.7780 13 2971 -59.8010 -14.3450
-1.2707318152e+00 7.8176912748e-02 -1.1013156651e+01
232 218 85
2 4 3184 -185.8070 -34.7790 13 3496 -210.2920 -52.5110
3.6521747134e-01 -4.9471480770e-01 -9.8907588975e+00
96 107 45
2 4 3329 97.7960 -128.1210 13 3092 91.6610 -112.5070
-5.2292477533e-01 -6.9675517575e-01 -9.4152264179e+00
52 60 13
2 4 3452 -99.8080 -210.2250 13 3208 -73.6380 -208.9450
-3.0366009104e-01 -7.2770555865e-01 -9.4519776918e+00
86 94 35
2 4 3457 -43.8320 -211.7180 13 3199 -21.1120 -204.2910
3.3556988245e-02 7.0383363472e-01 -8.9976593896e+00
80 76 11
2 4 3526 20.5810 179.1607 13 3306 21.5280 170.2534
-5.0679088745e-01 5.4889486707e-01 -9.0948521887e+00
138 84 0
2 4 3568 -127.1990 118.5770 13 3784 -117.1490 106.0910
-3.1858926970e-01 4.7917438400e-01 -9.1011010234e+00
70 71 14
2 4 3585 -73.8000 102.5420 13 3372 -64.4220 93.7320
-5.1018790186e-01 4.6378817871e-01 -9.1091413126e+00
125 85 8
7 4 3595 -126.4940 93.8540 13 3382 -114.8790 82.6750 18 4078 -93.4910 84.5720 17 3840 4.1990 88.3620 15 3602 73.5170 93.8200 16 3538 24.3600 108.3350 19 3715 30.1190 20.2430
1.5872755047e+00 1.5787633103e-01 -1.1799677217e+01
216 198 70
2 4 3691 202.7190 -3.3030 13 2923 152.7210 10.4660
-1.6243244823e+00 6.6063679142e-02 -1.0666598818e+01
238 220 94
2 4 3722 -259.8603 -39.9910 13 3505 -282.3609 -63.2840
-4.7852308828e-01 -9.3457357155e-02 -9.0992837435e+00
10 28 3
2 4 3735 -109.7060 -59.6990 13 3506 -84.3390 -63.1440
-4.5759416630e-01 -1.3711887255e-01 -9.0713619721e+00
27 45 17
2 4 3743 -104.2630 -72.3180 13 3523 -76.8160 -73.9290
-1.5429334863e-01 -6.9056639910e-01 -9.3829654739e+00
159 169 98
2 4 3893 -7.4470 -204.0020 13 3653 14.5890 -192.4340
-7.1483413634e-02 7.3373654794e-01 -8.9763441667e+00
26 44 4
2 4 3958 -10.0020 188.0892 13 3298 -6.5910 177.0492
-1.4654479160e-01 6.6039770413e-01 -8.9075460033e+00
29 47 7
2 4 3973 -30.9790 173.5444 13 3760 -21.6730 161.5275
1.5548270668e+00 -2.0371170334e-01 -1.1013857932e+01
247 235 128
2 4 4094 242.4310 -49.6260 13 3476 198.3920 -28.5330
-1.3737590223e+00 -2.8053328625e-01 -1.0032710709e+01
248 247 155
2 4 4140 -257.0878 -104.9150 13 3919 -260.0719 -126.5550
-2.9229149426e-01 -4.0095236937e-01 -9.2927112750e+00
89 91 18
2 4 4162 -48.4180 -136.1240 13 3923 -26.8040 -131.0820
-1.6477913086e-01 -6.6319685585e-01 -9.3942634575e+00
38 50 0
5 4 4235 -10.4930 -197.0950 13 3977 10.3180 -185.4780 18 4466 34.1350 -182.0680 8 4178 112.9210 -170.6700 17 4232 116.5640 -158.3070
1.4746334093e+00 -4.4548341314e-02 -1.1302066795e+01
222 206 80
2 4 4365 213.2470 -27.9680 13 3863 168.0780 -10.9800
2.7933405129e-01 3.9218212723e-01 -9.5337387468e+00
59 59 0
2 4 4598 76.3250 67.3600 13 4272 64.0990 69.5260
1.7529506592e+00 1.2337439168e-02 -1.1535009478e+01
190 155 25
2 4 4609 237.8820 -19.2760 13 4286 187.3170 -0.4130
-9.0846902499e-01 -2.2765311640e-02 -9.4308552264e+00
230 216 83
2 4 4750 -203.4520 -47.3970 13 4518 -191.3320 -61.6060
-3.2685056602e-01 7.6798728549e-01 -9.0066293791e+00
170 116 21
2 1 270 -31.1000 152.2993 18 1837 -56.8520 180.9921
-1.3848589606e+00 8.4529203359e-01 -1.2320723613e+01
214 202 73
2 1 485 -115.5660 92.8910 18 2203 -272.6364 19.4520
-4.9352563643e-01 3.0398293273e-01 -9.1165840370e+00
7 24 0
2 1 775 -72.8730 21.3900 18 703 -80.7190 42.8650
-1.4678168000e+00 -1.0615788216e-01 -1.0296542095e+01
239 211 85
3 1 1015 -209.5330 -44.0030 18 1315 -296.9528 -115.0430 6 1268 -201.6790 -78.7560
-3.1557666294e-01 7.4399060879e-01 -8.9865427731e+00
121 82 10
2 1 1932 -28.2950 146.0662 18 225 -51.3800 177.3846
-7.3068055093e-02 7.2908973989e-01 -8.9634800498e+00
16 37 0
2 1 3663 41.1990 142.2896 18 1833 14.0620 183.1835
-1.4341320830e+00 1.4921154162e-01 -1.0891036461e+01
200 180 45
5 1 3789 -170.9040 7.2500 18 3790 -285.1339 -63.7380 6 4643 -196.4660 -13.3060 8 3879 -230.3117 -74.1810 17 4188 -267.4500 -83.4430
-1.2745979405e+00 6.9743330030e-03 -1.0607794328e+01
234 218 77
3 1 3819 -160.7480 -18.7660 18 3810 -254.7290 -82.8070 6 4364 -166.4220 -39.0310
1.6816089834e-01 3.6968369269e-01 -9.4191857737e+00
65 66 0
2 1 4190 95.3010 38.0440 18 3073 48.8450 70.6050
-1.3733372184e+00 3.3388877303e-01 -1.1250124071e+01
231 214 72
2 1 4192 -147.7500 35.1220 18 4408 -272.9345 -34.9460
1.5481184693e-01 2.3128162018e-01 -9.5080673193e+00
78 80 7
2 1 4467 89.1630 6.9670 18 3707 46.1260 35.6050
-2.9570977980e-01 7.7524177615e-01 -8.9874008000e+00
151 106 0
4 4 1853 -75.7620 193.9802 18 2911 -46.5300 186.6037 8 2692 32.6420 178.9427 17 2718 42.5210 189.7291
-3.7673509094e-01 3.2574052857e-01 -9.1534490768e+00
38 48 0
3 4 2116 -85.9490 56.9140 18 2130 -52.7650 51.6200 17 540 38.4130 58.1010
-4.1964796126e-01 6.2051196777e-01 -9.0572334642e+00
109 64 0
2 4 2911 -105.6370 142.6156 18 1932 -75.9200 133.8970
-4.8286080000e-01 4.7563011749e-01 -9.0906844736e+00
115 66 0
2 4 3587 -119.7490 99.4600 18 3658 -86.0810 89.9730
-7.8622015579e-01 -5.6945160693e-01 -9.2136258878e+00
220 226 128
2 4 4740 -181.2030 -195.9190 18 4775 -112.1740 -212.4440
-4.2106249717e-01 6.0588588417e-01 -9.0582358283e+00
114 67 0
2 13 359 -96.5420 126.4110 18 398 -75.4800 129.7330
-9.9211551119e-01 5.6568775767e-01 -1.1915364738e+01
203 184 55
2 13 792 -161.7230 13.6370 18 2257 -217.0050 0.2510
-1.0979304703e+00 1.2908638423e-01 -1.0940174650e+01
215 203 87
2 13 980 -186.3470 -39.4740 18 1107 -224.4417 -55.2380
-1.3399536985e+00 -1.1911228963e-01 -1.0366298354e+01
227 213 101
2 13 1134 -241.1062 -88.8280 18 1299 -267.6925 -110.4690
9.2417206143e-03 7.5224242046e-01 -9.0448895484e+00
70 66 14
2 13 1769 11.1550 177.6649 18 210 26.0570 182.2990
-9.1420941834e-01 3.4974157152e-01 -8.4163096768e+00
78 82 4
2 13 1954 -278.4787 78.5070 18 3666 -202.2740 80.0580
-9.5391488833e-01 2.4722410752e-01 -1.1195177341e+01
177 166 48
4 13 2174 -161.9360 -21.0010 18 3235 -203.5100 -33.3390 6 3879 -121.5610 22.5900 8 2996 -158.3630 -40.6940
-1.3400933936e+00 -1.5614363362e-01 -1.0284842626e+01
253 253 154
2 13 2339 -243.8635 -96.9520 18 2560 -267.9349 -118.3990
9.0266368201e-02 -5.4062065943e-01 -9.7147295171e+00
77 83 33
2 13 2418 48.4030 -134.9760 18 2580 53.1430 -130.7500
-2.0635486032e-01 7.6593879172e-01 -8.9934749632e+00
73 65 9
4 13 2680 -44.6410 180.3562 18 2915 -24.2520 185.4737 6 3130 105.0280 155.6429 8 2691 53.9180 179.2779
2.4907598936e+00 8.6203091794e-02 -1.1759142312e+01
95 104 53
2 13 2915 253.7850 17.5270 18 2190 187.5250 25.4430
-1.0851887365e+00 4.6391142585e-01 -1.1625699419e+01
195 176 48
4 13 2942 -176.1180 2.6750 18 3743 -229.5656 -12.2800 8 3456 -188.5870 -19.6530 17 3896 -236.7679 -23.7330
-1.0849433981e+00 4.6256578241e-01 -1.1611621937e+01
195 176 48
4 13 2943 -176.1180 2.6750 18 3744 -229.5656 -12.2800 17 3897 -236.7679 -23.7330 5 5136 -280.8657 -30.4650
-1.1190707345e+00 8.9639238448e-01 -1.2615925370e+01
244 228 93
3 13 3424 -171.7470 39.5280 18 4117 -237.8908 26.1970 8 3809 -209.5800 14.1960
-2.4401930547e-01 -7.8167619199e-01 -9.3824038048e+00
140 150 79
3 13 3680 -2.6650 -217.6100 18 3956 22.6550 -216.5180 8 3650 106.5090 -204.7860
-1.1427728400e+00 6.7488509627e-01 -1.2042606690e+01
233 215 87
4 13 3847 -180.3970 21.6120 18 4128 -238.9141 9.2930 8 3817 -205.5710 -1.3540 17 4147 -260.1785 -4.2220
-4.4585578925e-01 -1.6081470168e-01 -9.0728631772e+00
13 36 0
2 13 3894 -72.5880 -80.1610 18 4185 -36.9150 -81.0770
-3.0826336042e-01 -5.4089981469e-01 -9.3657941757e+00
59 62 5
2 13 3955 -27.0730 -163.7640 18 4244 -2.3670 -163.6960
-5.1968691676e-01 -7.7050082264e-02 -9.0791414726e+00
13 31 0
4 13 4153 -96.3440 -61.1650 18 4413 -62.0530 -62.4620 8 4121 30.5710 -58.2580 17 4177 50.2240 -51.9610
-4.1854496514e-01 4.2030836456e-01 -9.1223650701e+00
14 13 9
7 13 4363 -87.6800 74.4770 18 4642 -67.1520 76.7060 6 4898 47.3830 40.9820 8 4259 15.4550 73.7400 17 4115 25.3700 82.4930 15 3904 89.4770 88.2590 19 3983 46.2890 18.9430
-1.3467779887e+00 8.9416145773e-02 -1.0732680838e+01
238 220 94
3 13 4380 -231.9950 -52.7430 18 4707 -270.2417 -71.4160 8 4428 -212.4840 -78.1370
-1.2026661241e+00 -2.2739979377e-01 -1.0183402933e+01
243 247 162
2 13 4388 -219.7905 -106.3660 18 4713 -237.2871 -128.2500
6.2256906580e-01 -7.5857980250e-01 -9.4717545684e+00
205 217 117
2 13 4401 182.4320 -169.6750 18 4678 185.4160 -150.3630
-2.1986911855e-01 -7.6856287845e-01 -9.2339898620e+00
174 186 104
2 13 4475 7.4660 -223.5500 18 4760 41.8010 -219.6580
-3.1216343756e-01 9.5456042342e-01 -9.2518383344e+00
234 178 9
2 1 159 -21.3110 188.2665 6 2032 42.6490 197.5879
-1.9957846944e-01 7.9125864467e-01 -8.9861881388e+00
110 79 10
2 1 248 4.6490 159.6189 6 272 106.5430 164.2578
3.3994928950e+00 6.4621468018e-01 -1.4518041139e+01
83 85 75
2 1 625 316.9170 57.2690 6 373 200.4320 138.0360
-4.8181180781e-01 3.1144978365e-01 -9.1056800417e+00
10 22 4
2 1 762 -70.6140 24.1670 8 681 9.9280 43.5610
-1.5696749149e+00 3.3179934042e-02 -1.0594539243e+01
245 225 94
2 1 885 -206.9240 -13.3650 6 1129 -221.7425 -46.9860
-1.5839833463e+00 -2.0822328158e-01 -1.0074315967e+01
206 177 47
2 1 1096 -244.3264 -66.0950 6 2726 -226.3967 -117.6530
-2.3909152444e-01 -6.8739498286e-01 -9.3464953059e+00
37 50 10
2 1 1665 -4.7470 -212.0010 6 2940 108.9870 -207.8690
-1.8158986170e-01 7.9904180654e-01 -8.9816053710e+00
157 118 27
2 1 1887 9.7860 162.1640 6 3123 111.9160 167.5461
-1.7306516291e+00 1.3694508586e-01 -1.0807168503e+01
229 209 78
2 1 2294 -219.4630 5.0080 8 3063 -284.0890 -90.8440
-1.7514486721e+00 2.1691375406e-01 -1.0940009917e+01
233 210 73
2 1 3777 -214.5240 18.4010 6 4641 -253.0982 -11.7490
-1.4332297276e+00 1.5006722853e-01 -1.0890832814e+01
200 180 45
3 1 3788 -170.9040 7.2500 6 4642 -196.4660 -13.3060 8 3878 -230.3117 -74.1810
5.2183929114e-01 -6.2738755490e-01 -9.7689871028e+00
198 209 107
2 1 4549 156.4450 -170.2840 6 4415 214.5450 -120.1170
-1.7414366281e+00 -5.5408733223e-02 -1.0377590491e+01
248 224 92
3 1 4638 -248.9502 -30.8000 6 4981 -255.7555 -78.4850 8 4433 -286.8950 -129.5920
4.3961914918e-01 -3.5494734189e-02 -9.7737333544e+00
228 234 136
2 1 4649 143.3400 -50.0410 8 4369 140.3990 -5.3260
